0  0  0  0.435342  0.562552  0.00210669  0  0  
0  0  0  0.403254  0.596746  0  0  0  
0.0105043  0  0  0.65326  0.332684  0.00355226  0  0  
0.00188486  0  0  0.801329  0.191414  0.00537284  0  0  
0  0  0  0  1  0  0  0  
0  0  0  0.21029  0.788572  0.00113724  0  0  
0  0  0  0.247649  0.750084  0.00226679  0  0  
0  0  0  0.91304  0.0850459  0.00191411  0  0  
0.00113401  0.142174  0  0  0  0  0.00119214  0.0056973  0  0  0.722103  0.127699  
0  0  0  0  0  0  0  0  0  0.0894151  0.257931  0.652654  
0  0.0175482  0  0.00511974  0.0461837  0.799593  0.130327  0  0  0  0.00122905  0  
0.454737  0.542906  0.00235774  0  0  0  0  0  0  0  0  0  
0  0.0847155  0.78886  0.126425  0  0  0  0  0  0  0  0  
0  0.379353  0.00685255  0.0182161  0.010435  0.117573  0.46757  0  0  0  0  0  
0  0  0  0  0  0.0534493  0.299012  0.0413382  0.169887  0.350397  0.0859169  0  
0.00701656  0.258972  0.0209225  0  0.494746  0.218343  0  0  0  0  0  0  
0.0228509  0.977149  0  0  0  0  0  0  
0.00314099  0.989825  0  0  0  0  0.00703378  0  
0.00309711  0.981184  0  0  0  0  0.0157193  0  
0.00180877  0.992594  0  0  0  0  0.00559741  0  
0.0565914  0.943409  0  0  0  0  0  0  
0.00311615  0.996884  0  0  0  0  0  0  
0.00896947  0.95027  0  0  0  0  0.0407602  0  
0  0.916837  0  0  0  0  0.083163  0  
0.00113401  0.142174  0  0  0  0  0.00119214  0.0056973  0  0  0.722103  0.127699  
0  0  0  0  0  0  0  0  0  0.0894151  0.257931  0.652654  
0  0.0175482  0  0.00511974  0.0461837  0.799593  0.130327  0  0  0  0.00122905  0  
0.454737  0.542906  0.00235774  0  0  0  0  0  0  0  0  0  
0  0.0847155  0.78886  0.126425  0  0  0  0  0  0  0  0  
0  0.379353  0.00685255  0.0182161  0.010435  0.117573  0.46757  0  0  0  0  0  
0  0  0  0  0  0.0534493  0.299012  0.0413382  0.169887  0.350397  0.0859169  0  
0.00701656  0.258972  0.0209225  0  0.494746  0.218343  0  0  0  0  0  0  
0  0  0.18583  0  0.328457  0.44495  0.0407636  0  
0  0  0.507866  0  0.223767  0.152781  0.0394602  0.0761264  
0  0  0.628892  0  0.317703  0.022081  0.0222857  0.00903886  
0  0  0.128865  0.00901108  0.097731  0.0370044  0  0.727388  
0  0  0.00102165  0  0.820498  0.0408667  0.137614  0  
0  0  0.0118309  0.154266  0.593105  0.192926  0.00522521  0.0426468  
0  0  0.195994  0  0.224286  0.374517  0.00312697  0.202077  
0  0  0.048621  0  0.041676  0  0  0.909703  
0.00113401  0.142174  0  0  0  0  0.00119214  0.0056973  0  0  0.722103  0.127699  
0  0  0  0  0  0  0  0  0  0.0894151  0.257931  0.652654  
0  0.0175482  0  0.00511974  0.0461837  0.799593  0.130327  0  0  0  0.00122905  0  
0.454737  0.542906  0.00235774  0  0  0  0  0  0  0  0  0  
0  0.0847155  0.78886  0.126425  0  0  0  0  0  0  0  0  
0  0.379353  0.00685255  0.0182161  0.010435  0.117573  0.46757  0  0  0  0  0  
0  0  0  0  0  0.0534493  0.299012  0.0413382  0.169887  0.350397  0.0859169  0  
0.00701656  0.258972  0.0209225  0  0.494746  0.218343  0  0  0  0  0  0  
0.0174813  0.0022991  0.144381  0  0  0.00463673  0.831202  0  
0.028223  0.0397372  0.065773  0  0  0.00170695  0.86456  0  
0  0  0.397642  0  0  0.00126765  0.60109  0  
0  0  0.0929187  0  0  0  0.907081  0  
0.119403  0.0699759  0.0161084  0  0  0.00521934  0.789294  0  
0.00214544  0  0.0196117  0  0  0.00261721  0.975626  0  
0.0013588  0.00578784  0.00441849  0  0  0  0.988435  0  
0  0.00110149  0.00410348  0  0  0  0.994795  0  
0.00113401  0.142174  0  0  0  0  0.00119214  0.0056973  0  0  0.722103  0.127699  
0  0  0  0  0  0  0  0  0  0.0894151  0.257931  0.652654  
0  0.0175482  0  0.00511974  0.0461837  0.799593  0.130327  0  0  0  0.00122905  0  
0.454737  0.542906  0.00235774  0  0  0  0  0  0  0  0  0  
0  0.0847155  0.78886  0.126425  0  0  0  0  0  0  0  0  
0  0.379353  0.00685255  0.0182161  0.010435  0.117573  0.46757  0  0  0  0  0  
0  0  0  0  0  0.0534493  0.299012  0.0413382  0.169887  0.350397  0.0859169  0  
0.00701656  0.258972  0.0209225  0  0.494746  0.218343  0  0  0  0  0  0  
0.65456  0.342403  0  0  0  0.00303728  0  0  
0.164407  0.388449  0  0.443141  0  0.00400263  0  0  
0.162059  0.81962  0  0.0183213  0  0  0  0  
0.0259142  0.176052  0  0.798034  0  0  0  0  
0.189455  0.611394  0  0.192977  0  0.00617384  0  0  
0.106623  0.82609  0  0.0538245  0  0.0134631  0  0  
0.378142  0.199782  0  0.402147  0  0.0199287  0  0  
0.0145185  0.0195048  0  0.964901  0  0.00107597  0  0  
0.00113401  0.142174  0  0  0  0  0.00119214  0.0056973  0  0  0.722103  0.127699  
0  0  0  0  0  0  0  0  0  0.0894151  0.257931  0.652654  
0  0.0175482  0  0.00511974  0.0461837  0.799593  0.130327  0  0  0  0.00122905  0  
0.454737  0.542906  0.00235774  0  0  0  0  0  0  0  0  0  
0  0.0847155  0.78886  0.126425  0  0  0  0  0  0  0  0  
0  0.379353  0.00685255  0.0182161  0.010435  0.117573  0.46757  0  0  0  0  0  
0  0  0  0  0  0.0534493  0.299012  0.0413382  0.169887  0.350397  0.0859169  0  
0.00701656  0.258972  0.0209225  0  0.494746  0.218343  0  0  0  0  0  0  
0  0  0.0083769  0.114999  0.00179039  0.011643  0  0.863191  
0  0  0.0201931  0.0212346  0.255069  0.0186067  0  0.684896  
0  0  0.00900149  0.00757104  0.00347666  0  0  0.979951  
0  0  0.0806416  0.00152672  0  0.00353092  0  0.914301  
0.00111476  0  0.171859  0.0119688  0.418702  0.0721504  0  0.324204  
0  0  0.00442493  0.725392  0.0875705  0.00426613  0  0.178347  
0  0  0.0850197  0.0715164  0  0.0577006  0  0.785763  
0  0  0  0.00908951  0.0283516  0.014814  0  0.947745  
0.00113401  0.142174  0  0  0  0  0.00119214  0.0056973  0  0  0.722103  0.127699  
0  0  0  0  0  0  0  0  0  0.0894151  0.257931  0.652654  
0  0.0175482  0  0.00511974  0.0461837  0.799593  0.130327  0  0  0  0.00122905  0  
0.454737  0.542906  0.00235774  0  0  0  0  0  0  0  0  0  
0  0.0847155  0.78886  0.126425  0  0  0  0  0  0  0  0  
0  0.379353  0.00685255  0.0182161  0.010435  0.117573  0.46757  0  0  0  0  0  
0  0  0  0  0  0.0534493  0.299012  0.0413382  0.169887  0.350397  0.0859169  0  
0.00701656  0.258972  0.0209225  0  0.494746  0.218343  0  0  0  0  0  0  
0.00668042  0  0  0.540794  0.419847  0.0326776  0  0  
0.00197156  0  0  0.720797  0.269262  0.00796941  0  0  
0.00141242  0  0  0.997081  0  0.00150647  0  0  
0  0  0  0.952765  0.0400626  0.00717236  0  0  
0  0  0  0.07003  0.921305  0.00686589  0  0.00179935  
0  0  0  0.994526  0  0.00547425  0  0  
0.00304077  0  0  0.899082  0.0918507  0.00602615  0  0  
0  0  0  1  0  0  0  0  
0.00113401  0.142174  0  0  0  0  0.00119214  0.0056973  0  0  0.722103  0.127699  
0  0  0  0  0  0  0  0  0  0.0894151  0.257931  0.652654  
0  0.0175482  0  0.00511974  0.0461837  0.799593  0.130327  0  0  0  0.00122905  0  
0.454737  0.542906  0.00235774  0  0  0  0  0  0  0  0  0  
0  0.0847155  0.78886  0.126425  0  0  0  0  0  0  0  0  
0  0.379353  0.00685255  0.0182161  0.010435  0.117573  0.46757  0  0  0  0  0  
0  0  0  0  0  0.0534493  0.299012  0.0413382  0.169887  0.350397  0.0859169  0  
0.00701656  0.258972  0.0209225  0  0.494746  0.218343  0  0  0  0  0  0  
