**********************
0.2  0.8  0  0  0.18  0  0  0.82  0.76  0.14  0  0.1  0.78  0.08  0  0.14  
**********************
0.12  0  0  0  0.12  0  0  0.82  0.78  0  0  0.06  0  0  0  0.06  
0.14  0  0  0  0.06  0  0  0.84  0.78  0  0  0.1  0  0  0  0.1  
0.08  0  0  0  0.08  0  0  0.82  0.74  0  0  0.12  0  0  0  0.14  
0.12  0  0  0  0.1  0  0  0.78  0.78  0  0  0.1  0  0  0  0.1  
0.08  0  0  0  0.12  0  0  0.74  0.88  0  0  0.08  0  0  0  0.16  
0.14  0  0  0  0.1  0  0  0.9  0.82  0  0  0.08  0  0  0  0.12  
0.14  0  0  0  0.12  0  0  0.78  0.76  0  0  0.1  0  0  0  0.14  
**********************
0  0.86  0  0.14  0  0  0  0.18  0  0.1  0  0.72  0  0.1  0  0.82  
0  0.78  0  0.22  0  0  0  0.22  0  0.1  0  0.78  0  0.1  0  0.86  
0  0.84  0  0.16  0  0  0  0.16  0  0.04  0  0.92  0  0.06  0  0.8  
0  0.8  0  0.2  0  0  0  0.2  0  0.08  0  0.86  0  0.08  0  0.82  
0  0.76  0  0.24  0  0  0  0.1  0  0.14  0  0.74  0  0.12  0  0.76  
0  0.78  0  0.22  0  0  0  0.18  0  0.14  0  0.74  0  0.16  0  0.68  
0  0.86  0  0.14  0  0  0  0.16  0  0.14  0  0.72  0  0.14  0  0.72  
0  0.84  0  0.16  0  0  0  0.08  0  0.14  0  0.8  0  0.08  0  0.86  
0  0.82  0  0.18  0  0  0  0.24  0  0.1  0  0.82  0  0.04  0  0.86  
0  0.76  0  0.24  0  0  0  0.18  0  0.12  0  0.78  0  0.12  0  0.82  
0  0.82  0  0.18  0  0  0  0.26  0  0.16  0  0.82  0  0.1  0  0.82  
**********************
0  0  0  0.78  0  0  0  0  0  0  0  0.08  0  0  0  0.18  
0  0  0  0.88  0  0  0  0  0  0  0  0.06  0  0  0  0.16  
0  0  0  0.8  0  0  0  0  0  0  0  0.12  0  0  0  0.14  
0  0  0  0.76  0  0  0  0  0  0  0  0.14  0  0  0  0.12  
0  0  0  0.82  0  0  0  0  0  0  0  0.08  0  0  0  0.08  
0  0  0  0.72  0  0  0  0  0  0  0  0.14  0  0  0  0.14  
0  0  0  0.88  0  0  0  0  0  0  0  0  0  0  0  0.14  
0  0  0  0.74  0  0  0  0  0  0  0  0.08  0  0  0  0.1  
0  0  0  0.78  0  0  0  0  0  0  0  0.1  0  0  0  0.18  
0  0  0  0.86  0  0  0  0  0  0  0  0.12  0  0  0  0.04  
0  0  0  0.8  0  0  0  0  0  0  0  0.06  0  0  0  0.16  
