0.28428 0.71572 
0.986473 0.0135275 
0.922881 0.0771193 
0.947171 0.0528288 
0.950994 0.0490061 
0.553385 0.446615 
0.971355 0.0286455 
0.552353 0.447647 
0.976064 0.0239362 
0.714429 0.285571 
0.769921 0.230079 
0.927514 0.0724856 
0.633927 0.366073 
0.793744 0.206256 
0.00582064 0.994179 
0.0216429 0.978357 
0.998957 0.00104271 
0.000548199 0.999452 
0.0261775 0.973823 
0.0217011 0.978299 
0.171233 0.828767 
0.991717 0.0082829 
0.000853774 0.999146 
0.999725 0.000274803 
0.934454 0.0655463 
0.00256963 0.99743 
0.999162 0.000838463 
0.000635784 0.999364 
0.999793 0.000206641 
0.000496857 0.999503 
0.572235 0.427765 
0.832545 0.167455 
0.732041 0.267959 
0.930588 0.0694118 
0.00233246 0.997668 
0.918939 0.0810611 
0.0032253 0.996775 
0.998815 0.00118527 
0.952463 0.047537 
0.921536 0.0784644 
0.95622 0.04378 
0.929216 0.070784 
0.54794 0.45206 
0.0956008 0.904399 
0.90529 0.0947095 
0.0237401 0.97626 
0.0253782 0.974622 
0.0296812 0.970319 
0.990343 0.00965711 
0.000771688 0.999228 
0.0219731 0.978027 
0.998725 0.00127507 
0.00519955 0.9948 
0.0260786 0.973921 
0.0209185 0.979081 
0.201955 0.798045 
0.928753 0.0712475 
0.741386 0.258614 
0.727618 0.272382 
0.96509 0.0349103 
0.00117777 0.998822 
0.999943 5.65358e-05 
0.000444804 0.999555 
0.174731 0.825269 
0.991702 0.00829835 
0.931159 0.068841 
0.639029 0.360971 
0.783034 0.216966 
0.592323 0.407677 
0.929535 0.0704651 
0.934643 0.0653566 
0.934893 0.0651074 
0.946247 0.0537529 
0.652399 0.347601 
0.968569 0.0314312 
0.00132537 0.998675 
0.0260495 0.97395 
0.0258247 0.974175 
0.919736 0.0802639 
0.00262266 0.997377 
0.934765 0.0652352 
0.65359 0.34641 
0.0746249 0.925375 
0.920492 0.0795081 
0.00259465 0.997405 
0.918943 0.0810567 
0.00322469 0.996775 
0.998815 0.00118473 
0.952069 0.0479312 
0.00146902 0.998531 
0.999916 8.35824e-05 
0.942177 0.0578228 
0.960931 0.0390687 
0.688276 0.311724 
0.00710146 0.992899 
0.99964 0.000359605 
0.653737 0.346263 
0.757665 0.242335 
0.0538138 0.946186 
0.931087 0.0689129 
0.697081 0.302919 
0.0082688 0.991731 
0.0257727 0.974227 
0.029651 0.970349 
0.990366 0.00963443 
0.000712342 0.999288 
0.496134 0.503866 
0.980682 0.019318 
0.639819 0.360181 
0.968989 0.0310109 
0.00163374 0.998366 
0.999401 0.000598721 
0.948279 0.0517207 
0.552148 0.447852 
0.973717 0.0262826 
0.921273 0.0787274 
0.964097 0.035903 
0.646464 0.353536 
0.967148 0.032852 
0.636063 0.363937 
0.793064 0.206936 
0.00581433 0.994186 
0.025785 0.974215 
0.0315741 0.968426 
0.988401 0.0115985 
0.952362 0.0476377 
0.00176722 0.998233 
0.919523 0.0804774 
0.00242031 0.99758 
0.54387 0.45613 
0.0142157 0.985784 
0.995375 0.0046249 
0.000639858 0.99936 
0.0260764 0.973924 
0.0254693 0.974531 
0.0237868 0.976213 
0.527488 0.472512 
0.529373 0.470627 
0.972584 0.0274156 
0.550239 0.449761 
0.0953897 0.90461 
0.920813 0.0791875 
0.00258399 0.997416 
0.914499 0.0855012 
0.596789 0.403211 
0.00903343 0.990967 
0.999567 0.000433413 
0.000442369 0.999558 
0.999979 2.12244e-05 
0.000433677 0.999566 
0.999979 2.09019e-05 
0.0005306 0.999469 
0.920334 0.0796662 
0.921213 0.0787872 
0.953171 0.0468286 
0.633919 0.366081 
0.796331 0.203669 
0.942405 0.0575946 
0.677627 0.322373 
0.536951 0.463049 
0.974119 0.0258807 
0.00120481 0.998795 
0.93038 0.06962 
0.697338 0.302662 
0.00822175 0.991778 
0.030729 0.969271 
0.989629 0.010371 
0.642573 0.357427 
0.781098 0.218902 
0.570155 0.429845 
0.533478 0.466522 
0.968949 0.0310508 
0.0112653 0.988735 
0.91983 0.0801695 
0.00219612 0.997804 
0.173549 0.826451 
0.992777 0.00722255 
0.680485 0.319515 
0.930092 0.0699079 
0.00194322 0.998057 
0.999888 0.00011163 
0.951828 0.0481723 
0.00175328 0.998247 
0.0261541 0.973846 
0.0214131 0.978587 
0.99877 0.00123008 
0.951866 0.0481337 
0.00177465 0.998225 
0.904457 0.0955426 
0.957091 0.0429094 
0.935043 0.0649569 
0.933739 0.0662612 
0.00220533 0.997795 
0.0309249 0.969075 
0.989554 0.0104462 
0.636948 0.363052 
0.793383 0.206617 
0.00484125 0.995159 
0.999767 0.000233332 
0.000536012 0.999464 
0.919376 0.080624 
0.00259433 0.997406 
0.0217117 0.978288 
0.998954 0.00104602 
0.00054816 0.999452 
0.0264014 0.973599 
0.903781 0.0962188 
0.0243373 0.975663 
0.91484 0.0851603 
0.596148 0.403852 
0.0101842 0.989816 
0.545415 0.454585 
0.0120963 0.987904 
0.0299348 0.970065 
0.99036 0.00964038 
0.931064 0.0689361 
0.634111 0.365889 
0.7937 0.2063 
0.00579692 0.994203 
0.0259858 0.974014 
0.0238888 0.976111 
0.549346 0.450654 
0.914644 0.0853556 
0.0205394 0.979461 
0.500125 0.499875 
0.0988202 0.90118 
0.550324 0.449676 
0.0120208 0.987979 
0.0257867 0.974213 
0.0254241 0.974576 
0.0258478 0.974152 
0.92105 0.0789498 
0.939653 0.0603471 
0.730146 0.269854 
0.752068 0.247932 
0.589815 0.410185 
0.91537 0.0846301 
0.020402 0.979598 
0.499672 0.500328 
0.975916 0.0240839 
0.00115804 0.998842 
0.930382 0.0696179 
0.697311 0.302689 
0.00826202 0.991738 
0.0258826 0.974117 
0.0254307 0.974569 
0.0254912 0.974509 
0.0235763 0.976424 
0.48737 0.51263 
0.123229 0.876771 
0.957831 0.0421688 
0.550448 0.449552 
0.978575 0.0214247 
0.640348 0.359652 
0.969619 0.0303808 
0.935045 0.0649553 
0.921222 0.0787779 
0.956243 0.0437569 
0.930003 0.0699965 
0.600168 0.399832 
0.923905 0.0760949 
0.579699 0.420301 
0.561247 0.438753 
0.575959 0.424041 
0.0115685 0.988431 
0.930522 0.0694777 
0.697257 0.302743 
0.00827635 0.991724 
0.0242974 0.975703 
0.546206 0.453794 
0.0120669 0.987933 
0.03071 0.96929 
0.989569 0.0104314 
0.600916 0.399084 
0.00903172 0.990968 
0.999483 0.000517284 
0.948827 0.0511727 
0.601229 0.398771 
0.924197 0.0758029 
0.596671 0.403329 
0.0101681 0.989832 
0.54381 0.45619 
0.0151327 0.984867 
0.99444 0.0055597 
0.952288 0.0477121 
0.0014508 0.998549 
0.99993 6.96083e-05 
0.000434789 0.999565 
0.999979 2.10318e-05 
0.000608745 0.999391 
0.999804 0.00019605 
0.931046 0.0689544 
0.622707 0.377293 
0.818452 0.181548 
0.733667 0.266333 
0.00742464 0.992575 
0.904626 0.0953744 
0.956417 0.043583 
0.00163628 0.998364 
0.0259421 0.974058 
0.0296235 0.970377 
0.99039 0.00960986 
0.000640246 0.99936 
0.999967 3.27779e-05 
0.604362 0.395638 
0.929498 0.0705018 
0.921119 0.0788811 
0.956291 0.0437089 
0.934156 0.0658442 
0.00207008 0.99793 
0.546014 0.453986 
0.0101177 0.989882 
0.999513 0.000486707 
0.000500598 0.999499 
0.545312 0.454688 
0.0112844 0.988716 
0.497383 0.502617 
0.979392 0.0206075 
0.681713 0.318287 
0.00812813 0.991872 
0.544226 0.455774 
0.0141342 0.985866 
0.995451 0.00454914 
0.934665 0.0653349 
0.00218323 0.997817 
0.03025 0.96975 
0.990243 0.00975656 
0.92221 0.0777898 
0.956234 0.0437656 
0.93368 0.0663195 
0.00273374 0.997266 
0.999011 0.000989334 
0.00428072 0.995719 
0.999794 0.000205925 
0.00049424 0.999506 
0.548777 0.451223 
0.927507 0.0724928 
0.00277338 0.997227 
0.999098 0.000902372 
0.000547691 0.999452 
0.0205497 0.97945 
0.23641 0.76359 
0.913624 0.086376 
0.94859 0.0514096 
0.012997 0.987003 
0.999261 0.000739301 
0.941966 0.0580343 
0.0165227 0.983477 
0.0213987 0.978601 
0.998985 0.00101543 
0.934713 0.0652872 
0.00219104 0.997809 
0.0260811 0.973919 
0.0237719 0.976228 
0.527432 0.472568 
0.528404 0.471596 
0.974587 0.0254128 
0.00108828 0.998912 
0.501028 0.498972 
0.971197 0.0288027 
0.953913 0.0460866 
0.933995 0.0660045 
0.00224419 0.997756 
0.919403 0.0805974 
0.00259312 0.997407 
0.0219206 0.978079 
0.998741 0.00125925 
0.951881 0.0481193 
0.0017553 0.998245 
0.0242057 0.975794 
0.499887 0.500113 
0.975907 0.024093 
0.00115596 0.998844 
0.920568 0.0794323 
0.933624 0.0663761 
0.00206111 0.997939 
0.498608 0.501392 
0.976012 0.0239885 
0.00107112 0.998929 
0.57189 0.42811 
0.833268 0.166732 
0.728846 0.271154 
0.00754991 0.99245 
0.904906 0.0950945 
0.953632 0.0463678 
0.597823 0.402177 
0.0109751 0.989025 
0.919553 0.0804473 
0.00256788 0.997432 
0.030319 0.969681 
0.990165 0.00983503 
0.000642986 0.999357 
0.999969 3.09308e-05 
0.000489953 0.99951 
0.548025 0.451975 
0.914259 0.0857414 
0.956723 0.0432769 
0.944496 0.055504 
0.67703 0.32297 
0.539337 0.460663 
0.969017 0.0309827 
0.953313 0.0466871 
0.00171834 0.998282 
0.0243627 0.975637 
0.529021 0.470979 
0.555834 0.444166 
0.529983 0.470017 
0.974578 0.0254224 
0.000965043 0.999035 
0.203371 0.796629 
0.0198528 0.980147 
0.601575 0.398425 
0.777063 0.222937 
0.0498203 0.95018 
0.920461 0.0795393 
0.00212851 0.997871 
0.999899 0.000101009 
0.934517 0.0654826 
0.00248408 0.997516 
0.999247 0.000752814 
0.713019 0.286981 
0.757912 0.242088 
0.590916 0.409084 
0.929294 0.0707058 
0.921126 0.078874 
0.956161 0.043839 
0.921652 0.0783477 
0.955604 0.0443965 
0.00164677 0.998353 
0.0322348 0.967765 
0.988228 0.0117723 
0.943744 0.056256 
0.945912 0.0540877 
0.014783 0.985217 
0.529709 0.470291 
0.577419 0.422581 
0.914463 0.085537 
0.960334 0.039666 
0.719708 0.280292 
0.766561 0.233439 
0.00537594 0.994624 
0.999777 0.000222624 
0.674735 0.325265 
0.00883839 0.991162 
0.0259775 0.974023 
0.0212128 0.978787 
0.998978 0.00102186 
0.000544956 0.999455 
0.0311002 0.9689 
0.989409 0.0105908 
0.584315 0.415685 
0.578363 0.421637 
0.00951914 0.990481 
0.999453 0.000546877 
0.951922 0.0480779 
0.00164307 0.998357 
0.544915 0.455085 
0.0121542 0.987846 
0.0261876 0.973812 
0.920113 0.0798866 
0.00211688 0.997883 
0.999918 8.19975e-05 
0.629339 0.370661 
0.0796423 0.920358 
0.931394 0.0686058 
0.697362 0.302638 
0.00767526 0.992325 
0.498768 0.501232 
0.976305 0.023695 
0.929591 0.0704087 
0.551049 0.448951 
0.973853 0.0261472 
0.934607 0.0653932 
0.00180914 0.998191 
0.202985 0.797015 
0.0209354 0.979065 
0.0240126 0.975987 
0.549831 0.450169 
0.923087 0.0769128 
0.579736 0.420264 
0.56274 0.43726 
0.602587 0.397413 
0.82431 0.17569 
0.731801 0.268199 
0.00741142 0.992589 
0.0216044 0.978396 
0.998964 0.00103635 
0.00045092 0.999549 
0.202448 0.797552 
0.0249122 0.975088 
0.991538 0.00846196 
0.601079 0.398921 
0.00893707 0.991063 
0.999576 0.000424066 
0.934974 0.0650257 
0.00183711 0.998163 
0.999895 0.000104623 
0.943109 0.0568912 
0.945468 0.0545316 
0.960686 0.0393143 
0.69024 0.30976 
0.918652 0.0813475 
0.0180064 0.981994 
0.999132 0.000867851 
0.000552529 0.999447 
0.919706 0.0802941 
0.0021462 0.997854 
0.999897 0.000103404 
0.000525073 0.999475 
0.0244858 0.975514 
0.546644 0.453356 
0.0112571 0.988743 
0.499151 0.500849 
0.975944 0.0240556 
0.00115126 0.998849 
0.904752 0.0952478 
0.954026 0.0459738 
0.635735 0.364265 
0.792463 0.207537 
0.00695329 0.993047 
0.997632 0.00236785 
0.584779 0.415221 
0.57842 0.42158 
0.00946191 0.990538 
0.99951 0.000489653 
0.555209 0.444791 
0.973241 0.0267593 
0.00122501 0.998775 
0.919717 0.0802826 
0.00214435 0.997856 
0.999898 0.00010175 
0.934979 0.0650215 
0.00183797 0.998162 
0.999894 0.000105582 
0.951808 0.0481918 
0.00178196 0.998218 
0.920488 0.079512 
0.928692 0.0713082 
0.55192 0.44808 
0.971855 0.028145 
0.62064 0.37936 
0.827175 0.172825 
0.696125 0.303875 
0.966513 0.0334866 
0.00129289 0.998707 
0.54529 0.45471 
0.0114078 0.988592 
0.546533 0.453467 
0.0101074 0.989893 
0.999513 0.000486954 
0.000534046 0.999466 
0.0260698 0.97393 
0.0258242 0.974176 
0.919744 0.0802559 
0.00261174 0.997388 
0.914559 0.0854409 
0.600099 0.399901 
0.938097 0.0619032 
0.698129 0.301871 
0.931317 0.0686829 
0.946008 0.0539922 
0.65477 0.34523 
0.962007 0.0379928 
0.0124799 0.98752 
0.0262438 0.973756 
0.932309 0.0676911 
0.68119 0.31881 
0.539434 0.460566 
0.969296 0.0307038 
0.944318 0.0556823 
0.954505 0.0454947 
0.0016843 0.998316 
0.026464 0.973536 
0.920951 0.0790493 
0.933613 0.0663868 
0.00208412 0.997916 
0.548229 0.451771 
0.916292 0.0837079 
0.0182413 0.981759 
0.199666 0.800334 
0.0213172 0.978683 
0.920024 0.0799765 
0.00213942 0.997861 
0.999897 0.000103073 
0.000524225 0.999476 
0.0260793 0.973921 
0.025469 0.974531 
0.0237946 0.976205 
0.528981 0.471019 
0.5557 0.4443 
0.527642 0.472358 
0.97943 0.0205697 
0.641057 0.358943 
0.0716661 0.928334 
0.503513 0.496487 
0.973943 0.0260568 
0.553754 0.446246 
0.973321 0.0266787 
0.00120391 0.998796 
0.0259871 0.974013 
0.0283278 0.971672 
0.991712 0.00828773 
0.680592 0.319408 
0.925479 0.0745213 
0.596381 0.403619 
0.0107964 0.989204 
0.0301556 0.969844 
0.990161 0.00983894 
0.00090071 0.999099 
0.99971 0.000290428 
0.923982 0.0760179 
0.0172405 0.982759 
0.99901 0.000990204 
0.95167 0.0483303 
0.00205134 0.997949 
0.999333 0.000666523 
0.000498673 0.999501 
0.490179 0.509821 
0.115722 0.884278 
0.966259 0.0337405 
0.68563 0.31437 
0.0085741 0.991426 
0.0242958 0.975704 
0.547254 0.452746 
0.0100851 0.989915 
0.999521 0.000479108 
0.930013 0.0699868 
0.553878 0.446122 
0.967761 0.0322391 
0.0115055 0.988494 
0.920529 0.0794711 
0.922792 0.077208 
0.0171937 0.982806 
0.999288 0.00071201 
0.674896 0.325104 
0.0088317 0.991168 
0.0262719 0.973728 
0.919749 0.0802513 
0.00261478 0.997385 
0.920501 0.0794989 
0.928718 0.0712824 
0.553606 0.446394 
0.968198 0.0318025 
0.953354 0.0466456 
0.00171436 0.998286 
0.0260855 0.973915 
0.0240734 0.975927 
0.585086 0.414914 
0.8096 0.1904 
0.00546948 0.994531 
0.914545 0.0854554 
0.596741 0.403259 
0.00912183 0.990878 
0.999477 0.000522636 
0.949195 0.050805 
0.633883 0.366117 
0.79601 0.20399 
0.932436 0.0675644 
0.922918 0.0770819 
0.0172745 0.982726 
0.999171 0.00082887 
0.000452423 0.999548 
0.999977 2.32495e-05 
0.587245 0.412755 
0.620569 0.379431 
0.789211 0.210789 
0.589852 0.410148 
0.00912036 0.99088 
0.999622 0.000378223 
0.675789 0.324211 
0.00727044 0.99273 
0.202208 0.797792 
0.0194346 0.980565 
0.497855 0.502145 
0.979355 0.0206447 
0.682315 0.317685 
0.00720565 0.992794 
0.999658 0.000342263 
0.93066 0.0693399 
0.597051 0.402949 
0.0101246 0.989875 
0.528369 0.471631 
0.558393 0.441607 
0.576305 0.423695 
0.0106605 0.989339 
0.545417 0.454583 
0.0121424 0.987858 
0.0261071 0.973893 
0.904889 0.0951112 
0.957127 0.0428733 
0.94059 0.05941 
0.724749 0.275251 
0.766746 0.233254 
0.931393 0.0686073 
0.00194122 0.998059 
0.174569 0.825431 
0.991601 0.00839868 
0.000694661 0.999305 
0.571978 0.428022 
0.833062 0.166938 
0.72977 0.27023 
0.00619397 0.993806 
0.999706 0.000294226 
0.930423 0.0695769 
0.581123 0.418877 
0.580341 0.419659 
0.915669 0.0843308 
0.947361 0.0526395 
0.955048 0.0449524 
0.934301 0.0656992 
0.00184099 0.998159 
0.999905 9.46582e-05 
0.584762 0.415238 
0.575815 0.424185 
0.0141514 0.985849 
0.994778 0.00522172 
0.958788 0.0412124 
0.688357 0.311643 
0.00804913 0.991951 
0.590261 0.409739 
0.798112 0.201888 
0.544626 0.455374 
0.971992 0.0280082 
0.582351 0.417649 
0.560524 0.439476 
0.560394 0.439606 
0.579896 0.420104 
0.928271 0.0717288 
0.00236614 0.997634 
0.0216107 0.978389 
0.999062 0.000938136 
0.70899 0.29101 
0.76868 0.23132 
0.00747278 0.992527 
0.997595 0.00240503 
0.934956 0.0650438 
0.00182072 0.998179 
0.999912 8.75855e-05 
0.000491311 0.999509 
0.547998 0.452002 
0.913787 0.0862128 
0.961984 0.0380162 
0.690167 0.309833 
0.92564 0.0743603 
0.596749 0.403251 
0.0101705 0.989829 
0.545735 0.454265 
0.0114891 0.988511 
0.583365 0.416635 
0.811848 0.188152 
0.919047 0.0809531 
0.955909 0.0440907 
0.00136744 0.998633 
0.99994 5.96938e-05 
0.712882 0.287118 
0.757815 0.242185 
0.587019 0.412981 
0.0110812 0.988919 
0.0259189 0.974081 
0.0212508 0.978749 
0.189081 0.810919 
0.556366 0.443634 
0.00999674 0.990003 
0.999422 0.000577987 
0.958379 0.0416209 
0.692014 0.307986 
0.939555 0.0604453 
0.69518 0.30482 
0.0070023 0.992998 
0.999598 0.000401586 
0.0047148 0.995285 
0.546109 0.453891 
0.0102139 0.989786 
0.999413 0.000586866 
0.952049 0.0479506 
0.00145589 0.998544 
0.99993 6.9852e-05 
0.000434672 0.999565 
0.999979 2.091e-05 
0.000489794 0.99951 
0.548769 0.451231 
0.927382 0.0726177 
0.00294565 0.997054 
0.998925 0.00107497 
0.942037 0.057963 
0.0164415 0.983559 
0.0260751 0.973925 
0.919895 0.0801052 
0.00241195 0.997588 
0.544955 0.455045 
0.0121582 0.987842 
0.0257724 0.974228 
0.0258389 0.974161 
0.921071 0.078929 
0.94082 0.0591796 
0.716019 0.283981 
0.791437 0.208563 
0.741776 0.258224 
0.00827944 0.991721 
0.99733 0.00267037 
0.922348 0.0776523 
0.956103 0.0438971 
0.921651 0.0783487 
0.955602 0.0443977 
0.00164878 0.998351 
0.0310287 0.968971 
0.989459 0.0105406 
0.600297 0.399703 
0.0100933 0.989907 
0.549326 0.450674 
0.927807 0.0721935 
0.0023717 0.997628 
0.0243387 0.975661 
0.527454 0.472546 
0.528238 0.471762 
0.974935 0.0250649 
0.934605 0.0653947 
0.00183414 0.998166 
0.999906 9.39802e-05 
0.600499 0.399501 
0.0107367 0.989263 
0.0259163 0.974084 
0.0216939 0.978306 
0.17174 0.82826 
0.991109 0.00889095 
0.552976 0.447024 
0.977103 0.0228966 
0.68203 0.31797 
0.00877798 0.991222 
0.913803 0.0861968 
0.552723 0.447277 
0.968326 0.0316741 
0.0105662 0.989434 
0.52668 0.47332 
0.528192 0.471808 
0.974941 0.025059 
0.935241 0.0647589 
0.928923 0.0710771 
0.551252 0.448748 
0.973331 0.0266687 
0.00140578 0.998594 
0.999543 0.000456857 
0.000499828 0.9995 
0.544837 0.455163 
0.0121833 0.987817 
0.0239473 0.976053 
0.497879 0.502121 
0.979798 0.0202017 
0.667332 0.332668 
0.585852 0.414148 
0.928646 0.0713537 
0.00197177 0.998028 
0.999889 0.000110785 
0.00413067 0.995869 
0.999801 0.000198702 
0.000493621 0.999506 
0.544753 0.455247 
0.0123411 0.987659 
0.914637 0.0853633 
0.595671 0.404329 
0.0109978 0.989002 
0.90469 0.0953103 
0.956414 0.043586 
0.00163618 0.998364 
0.026052 0.973948 
0.0254276 0.974572 
0.0254437 0.974556 
0.0254405 0.97456 
0.0255491 0.974451 
0.0213002 0.9787 
0.998898 0.00110227 
0.555221 0.444779 
0.97314 0.0268601 
0.00141034 0.99859 
0.999542 0.000457558 
0.000447247 0.999553 
0.999974 2.56158e-05 
0.948805 0.0511949 
0.601489 0.398511 
0.928912 0.0710876 
0.00192948 0.998071 
0.202906 0.797094 
0.0212108 0.978789 
0.914847 0.0851534 
0.599344 0.400656 
0.924211 0.075789 
0.599411 0.400589 
0.916057 0.0839434 
0.9468 0.0531998 
0.0155572 0.984443 
0.0216414 0.978359 
0.998757 0.00124331 
0.951955 0.0480445 
0.00164242 0.998358 
0.545332 0.454668 
0.0113644 0.988636 
0.529583 0.470417 
0.57858 0.42142 
0.93531 0.0646904 
0.726285 0.273715 
0.766273 0.233727 
0.931958 0.0680424 
0.921212 0.0787875 
0.95569 0.0443099 
0.00154619 0.998454 
0.526171 0.473829 
0.528139 0.471861 
0.974992 0.0250076 
0.943419 0.0565807 
0.69307 0.30693 
0.00837048 0.99163 
0.0258801 0.97412 
0.0254204 0.97458 
0.0258985 0.974101 
0.930713 0.069287 
0.697206 0.302794 
0.00826087 0.991739 
0.0263525 0.973648 
0.932091 0.0679088 
0.683395 0.316605 
0.583932 0.416068 
0.00930199 0.990698 
0.999559 0.000440776 
0.940691 0.0593087 
0.73062 0.26938 
0.749974 0.250026 
0.538411 0.461589 
0.0964962 0.903504 
0.0239968 0.976003 
0.92005 0.07995 
0.00215833 0.997842 
0.999877 0.000122847 
0.94255 0.0574503 
0.954778 0.045222 
0.00139713 0.998603 
0.999934 6.64934e-05 
0.922438 0.0775616 
0.955559 0.0444411 
0.00165806 0.998342 
0.0260431 0.973957 
0.0257476 0.974252 
0.904955 0.0950451 
0.956396 0.0436037 
0.00164403 0.998356 
0.0214856 0.978514 
0.199826 0.800174 
0.01726 0.98274 
0.202827 0.797173 
0.932714 0.0672858 
0.700262 0.299738 
0.939672 0.0603283 
0.695069 0.304931 
0.00711715 0.992883 
0.171637 0.828363 
0.171809 0.828191 
0.934096 0.065904 
0.681775 0.318225 
0.564326 0.435674 
0.528774 0.471226 
0.978075 0.0219252 
0.682679 0.317321 
0.00727614 0.992724 
0.999578 0.000421751 
0.960941 0.0390593 
0.649322 0.350678 
0.962319 0.0376809 
0.0124246 0.987575 
0.0256492 0.974351 
0.0303349 0.969665 
0.98967 0.0103302 
0.584276 0.415724 
0.577382 0.422618 
0.0112811 0.988719 
0.0300615 0.969938 
0.990247 0.0097529 
0.000647569 0.999352 
0.999963 3.72269e-05 
0.952547 0.0474534 
0.933814 0.0661857 
0.00246884 0.997531 
0.999277 0.000722826 
0.67886 0.32114 
0.939162 0.0608378 
0.697718 0.302282 
0.929895 0.0701048 
0.0025762 0.997424 
0.999249 0.000751136 
0.674907 0.325093 
0.00883404 0.991166 
0.025972 0.974028 
0.0214287 0.978571 
0.998758 0.00124226 
0.961118 0.0388816 
0.646887 0.353113 
0.968969 0.0310309 
0.00108477 0.998915 
0.202316 0.797684 
0.0249497 0.97505 
0.991502 0.00849759 
0.583444 0.416556 
0.560524 0.439476 
0.5593 0.4407 
0.560356 0.439644 
0.580446 0.419554 
0.938138 0.0618619 
0.69478 0.30522 
0.00833982 0.99166 
0.0242956 0.975704 
0.546146 0.453854 
0.0121793 0.987821 
0.0214923 0.978508 
0.998979 0.00102087 
0.930642 0.0693585 
0.596543 0.403457 
0.0110083 0.988992 
0.919546 0.0804542 
0.00257803 0.997422 
0.0264038 0.973596 
0.914049 0.0859514 
0.550356 0.449644 
0.973485 0.0265147 
0.00119908 0.998801 
0.0265269 0.973473 
0.930343 0.0696569 
0.701011 0.298989 
0.939417 0.0605826 
0.698114 0.301886 
0.939768 0.0602322 
0.693639 0.306361 
0.00931045 0.99069 
0.997275 0.00272454 
0.679022 0.320978 
0.929779 0.0702206 
0.00234601 0.997654 
0.903325 0.0966748 
0.0244513 0.975549 
0.920139 0.0798612 
0.00204679 0.997953 
0.229514 0.770486 
0.92555 0.0744499 
0.00201972 0.99798 
0.999904 9.55582e-05 
0.94707 0.0529303 
0.652097 0.347903 
0.968582 0.0314179 
0.0013271 0.998673 
0.0244692 0.975531 
0.547133 0.452867 
0.010331 0.989669 
0.173025 0.826975 
0.991804 0.00819648 
0.941783 0.0582167 
0.715881 0.284119 
0.791087 0.208913 
0.743298 0.256702 
0.0060435 0.993956 
0.174415 0.825585 
0.990979 0.00902128 
0.557096 0.442904 
0.968081 0.0319192 
0.950801 0.0491994 
0.634857 0.365143 
0.794052 0.205948 
0.00484194 0.995158 
0.999752 0.000247903 
0.604061 0.395939 
0.924295 0.0757047 
0.599899 0.400101 
0.924776 0.0752236 
0.633771 0.366229 
0.79381 0.20619 
0.00579437 0.994206 
0.0259374 0.974063 
0.025746 0.974254 
0.904132 0.0958677 
0.964675 0.0353253 
0.647882 0.352118 
0.962615 0.0373851 
0.957982 0.0420177 
0.724862 0.275138 
0.753909 0.246091 
0.591178 0.408822 
0.937982 0.0620178 
0.698107 0.301893 
0.930101 0.0698992 
0.00229922 0.997701 
0.0303524 0.969648 
0.990136 0.0098635 
0.000723051 0.999277 
0.528742 0.471258 
0.574253 0.425747 
0.0114265 0.988573 
0.0242429 0.975757 
0.550178 0.449822 
0.928981 0.0710194 
0.939762 0.0602381 
0.730142 0.269858 
0.752 0.248 
0.587968 0.412032 
0.00883271 0.991167 
0.228248 0.771752 
0.925737 0.0742633 
0.00243103 0.997569 
0.0216965 0.978303 
0.998973 0.00102706 
0.944874 0.0551261 
0.679002 0.320998 
0.582647 0.417353 
0.0111643 0.988836 
0.0285091 0.971491 
0.991835 0.00816519 
0.660718 0.339282 
0.535987 0.464013 
0.974178 0.0258224 
0.00118148 0.998819 
0.0264401 0.97356 
0.914064 0.0859365 
0.551151 0.448849 
0.971766 0.0282345 
0.599925 0.400075 
0.00905326 0.990947 
0.999481 0.000518712 
0.949205 0.050795 
0.634785 0.365215 
0.794048 0.205952 
0.00488586 0.995114 
0.999707 0.000292599 
0.00585744 0.994143 
0.998094 0.00190579 
0.000572769 0.999427 
0.021808 0.978192 
0.188386 0.811614 
0.539221 0.460779 
0.573789 0.426211 
0.0133052 0.986695 
0.995684 0.00431613 
0.000526265 0.999474 
0.192913 0.807087 
0.554487 0.445513 
0.0138919 0.986108 
0.995485 0.00451468 
0.00059725 0.999403 
0.544886 0.455114 
0.0121004 0.9879 
0.0307113 0.969289 
0.989567 0.0104334 
0.599922 0.400078 
0.0107536 0.989246 
0.0257128 0.974287 
0.0295201 0.97048 
0.9905 0.00949958 
0.935564 0.0644362 
0.934729 0.0652712 
0.934508 0.0654919 
0.920762 0.0792385 
0.961718 0.0382819 
0.689818 0.310182 
0.916857 0.0831429 
0.956007 0.0439933 
0.00137685 0.998623 
0.999929 7.12523e-05 
0.555208 0.444792 
0.973294 0.0267056 
0.00112597 0.998874 
0.528828 0.471172 
0.575363 0.424637 
0.00942702 0.990573 
0.999609 0.000390608 
0.675195 0.324805 
0.00820363 0.991796 
0.499701 0.500299 
0.974544 0.0254563 
0.62537 0.37463 
0.817135 0.182865 
0.736406 0.263594 
0.91665 0.0833503 
0.0217767 0.978223 
0.920803 0.0791969 
0.929362 0.0706377 
0.595744 0.404256 
0.0122788 0.987721 
0.996276 0.00372391 
0.714621 0.285379 
0.755635 0.244365 
0.543795 0.456205 
0.968759 0.0312413 
0.953403 0.0465973 
0.00160144 0.998399 
0.527745 0.472255 
0.55581 0.44419 
0.530833 0.469167 
0.972806 0.0271936 
0.599982 0.400018 
0.00905344 0.990947 
0.99948 0.000520074 
0.951828 0.0481719 
0.00178148 0.998219 
0.920593 0.0794071 
0.934491 0.0655091 
0.933765 0.0662346 
0.00215653 0.997843 
