t=0
0.270752 0.0135275 
0.71572 0 
t=1
0.910634 0.0758385 
0.0122466 0.00128084 
t=2
0.870052 0.0528288 
0.0771193 0 
t=3
0.898165 0.0490061 
0.0528288 0 
t=4
0.528908 0.422085 
0.0244762 0.0245299 
t=5
0.524739 0.0286455 
0.446615 0 
t=6
0.538109 0.433245 
0.0142437 0.0144018 
t=7
0.528417 0.0239362 
0.447647 0 
t=8
0.690493 0.285571 
0.0239362 0 
t=9
0.48435 0.230079 
0.285571 0 
t=10
0.716965 0.0529557 
0.210549 0.0195299 
t=11
0.591613 0.335901 
0.0423144 0.0301712 
t=12
0.427671 0.206256 
0.366073 0 
t=13
0.000415809 0.793328 
0.00540483 0.200851 
t=14
2.52159e-06 0.00581812 
0.0216404 0.972539 
t=15
0.0206002 0.00104271 
0.978357 0 
t=16
0.000520993 0.998436 
2.72056e-05 0.0010155 
t=17
2.87033e-07 0.000547912 
0.0261772 0.973275 
t=18
1.16097e-05 0.0261659 
0.0216895 0.952133 
t=19
8.92545e-05 0.0216119 
0.171144 0.807155 
t=20
0.16295 0.0082829 
0.828767 0 
t=21
0.000602917 0.991114 
0.000250857 0.00803204 
t=22
0.000578971 0.000274803 
0.999146 0 
t=23
0.934201 0.065524 
0.000252557 2.2246e-05 
t=24
0.000571836 0.933882 
0.0019978 0.0635485 
t=25
0.00173117 0.000838463 
0.99743 0 
t=26
0.000610275 0.998551 
2.55087e-05 0.000812955 
t=27
0.000429143 0.000206641 
0.999364 0 
t=28
0.000491764 0.999302 
5.09223e-06 0.000201549 
t=29
0.000311447 0.00018541 
0.571923 0.42758 
t=30
0.40478 0.167455 
0.427765 0 
t=31
0.564586 0.267959 
0.167455 0 
t=32
0.684241 0.0477998 
0.246347 0.021612 
t=33
0.00049312 0.930095 
0.00183934 0.0675725 
t=34
0.00217931 0.000153152 
0.91676 0.0809079 
t=35
0.00059894 0.91834 
0.00262636 0.0784347 
t=36
0.00204004 0.00118527 
0.996775 0 
t=37
0.951278 0.047537 
0.00118527 0 
t=38
0.878542 0.0739214 
0.0429939 0.00454304 
t=39
0.877756 0.04378 
0.0784644 0 
t=40
0.889221 0.0669995 
0.0399955 0.00378446 
t=41
0.512888 0.416328 
0.035052 0.035732 
t=42
0.00274506 0.545195 
0.0928557 0.359205 
t=43
0.088112 0.00748871 
0.817178 0.0872208 
t=44
0.00447913 0.900811 
0.0192609 0.0754486 
t=45
1.23284e-05 0.0237277 
0.0253659 0.950894 
t=46
1.55086e-05 0.0253627 
0.0296657 0.944956 
t=47
0.0200241 0.00965711 
0.970319 0 
t=48
0.000518683 0.989824 
0.000253005 0.00940411 
t=49
3.37801e-07 0.00077135 
0.0219728 0.977256 
t=50
0.020698 0.00127507 
0.978027 0 
t=51
0.00494029 0.993785 
0.000259261 0.00101581 
t=52
2.72464e-06 0.00519682 
0.0260758 0.968725 
t=53
1.11386e-05 0.0260674 
0.0209074 0.953014 
t=54
0.000105281 0.0208132 
0.201849 0.777232 
t=55
0.189853 0.0121012 
0.738899 0.0591463 
t=56
0.670139 0.258614 
0.0712475 0 
t=57
0.469004 0.272382 
0.258614 0 
t=58
0.692708 0.0349103 
0.272382 0 
t=59
0.000418014 0.964672 
0.000759758 0.0341505 
t=60
0.00112124 5.65358e-05 
0.998822 0 
t=61
0.000443544 0.9995 
1.25939e-06 5.52764e-05 
t=62
1.82775e-06 0.000442976 
0.174729 0.824826 
t=63
0.166433 0.00829835 
0.825269 0 
t=64
0.923564 0.0681373 
0.00759469 0.000703654 
t=65
0.598488 0.332671 
0.040541 0.0283 
t=66
0.422063 0.216966 
0.360971 0 
t=67
0.473247 0.309787 
0.119077 0.0978892 
t=68
0.554242 0.0380818 
0.375293 0.0323833 
t=69
0.869775 0.0597596 
0.064868 0.00559709 
t=70
0.874714 0.0599296 
0.0601788 0.00517786 
t=71
0.88541 0.049483 
0.0608376 0.00426987 
t=72
0.598646 0.347601 
0.0537529 0 
t=73
0.620968 0.0314312 
0.347601 0 
t=74
0.000505199 0.968064 
0.000820168 0.030611 
t=75
6.91013e-07 0.00132468 
0.0260488 0.972626 
t=76
1.38049e-05 0.0260357 
0.0258109 0.94814 
t=77
0.0241383 0.0016864 
0.895598 0.0785775 
t=78
0.000488967 0.919247 
0.00213369 0.0781302 
t=79
0.00248452 0.000138142 
0.93228 0.065097 
t=80
0.588355 0.34641 
0.0652352 0 
t=81
0.00328503 0.650305 
0.0713399 0.27507 
t=82
0.0697521 0.00487275 
0.85074 0.0746354 
t=83
0.00048777 0.920004 
0.00210688 0.0774013 
t=84
0.00242428 0.000170367 
0.916519 0.0808863 
t=85
0.000598852 0.918344 
0.00262583 0.0784308 
t=86
0.00203996 0.00118473 
0.996775 0 
t=87
0.950884 0.0479312 
0.00118473 0 
t=88
0.000416262 0.951653 
0.00105276 0.0468784 
t=89
0.00138544 8.35824e-05 
0.998531 0 
t=90
0.942094 0.0578228 
8.35824e-05 0 
t=91
0.903108 0.0390687 
0.0578228 0 
t=92
0.649208 0.311724 
0.0390687 0 
t=93
0.000298944 0.687977 
0.00680252 0.304921 
t=94
0.00674186 0.000359605 
0.992899 0 
t=95
0.653521 0.34612 
0.000215964 0.000143641 
t=96
0.411402 0.242335 
0.346263 0 
t=97
0.00381677 0.753848 
0.049997 0.192338 
t=98
0.050787 0.00302681 
0.8803 0.0658861 
t=99
0.628168 0.302919 
0.0689129 0 
t=100
0.00036363 0.696718 
0.00790517 0.295013 
t=101
4.29414e-06 0.0082645 
0.0257684 0.965963 
t=102
1.57395e-05 0.0257569 
0.0296352 0.944592 
t=103
0.0200165 0.00963443 
0.970349 0 
t=104
0.000478857 0.989887 
0.000233485 0.00940094 
t=105
0.000393814 0.000318527 
0.49574 0.503548 
t=106
0.476816 0.019318 
0.503866 0 
t=107
0.620501 0.360181 
0.019318 0 
t=108
0.608808 0.0310109 
0.360181 0 
t=109
0.000630549 0.968359 
0.00100319 0.0300077 
t=110
0.00103502 0.000598721 
0.998366 0 
t=111
0.947681 0.0517207 
0.000598721 0 
t=112
0.526373 0.421906 
0.0257754 0.0259453 
t=113
0.525866 0.0262826 
0.447852 0 
t=114
0.897522 0.0761952 
0.0237505 0.00253213 
t=115
0.88537 0.035903 
0.0787274 0 
t=116
0.610561 0.353536 
0.035903 0 
t=117
0.613612 0.032852 
0.353536 0 
t=118
0.616886 0.350263 
0.0191775 0.0136745 
t=119
0.429127 0.206936 
0.363937 0 
t=120
0.00041372 0.79265 
0.00540061 0.201535 
t=121
3.01347e-06 0.00581132 
0.025782 0.968404 
t=122
1.68021e-05 0.0257682 
0.0315573 0.942658 
t=123
0.0199756 0.0115985 
0.968426 0 
t=124
0.940764 0.0476377 
0.0115985 0 
t=125
0.00050472 0.951858 
0.0012625 0.0463752 
t=126
0.00165204 0.000115176 
0.917871 0.0803623 
t=127
0.00044941 0.919073 
0.0019709 0.0785065 
t=128
0.00145086 0.000969449 
0.542419 0.455161 
t=129
0.000332346 0.543537 
0.0138833 0.442247 
t=130
0.00959076 0.0046249 
0.985784 0 
t=131
0.000519176 0.994856 
0.000120681 0.00450421 
t=132
3.33728e-07 0.000639524 
0.026076 0.973284 
t=133
1.36244e-05 0.0260627 
0.0254557 0.948468 
t=134
1.23988e-05 0.0254569 
0.0237744 0.950756 
t=135
0.0138526 0.00993416 
0.513635 0.462578 
t=136
0.293373 0.234115 
0.236001 0.236512 
t=137
0.501958 0.0274156 
0.470627 0 
t=138
0.536667 0.435917 
0.0135716 0.013844 
t=139
0.00276557 0.547473 
0.0926241 0.357137 
t=140
0.0891612 0.00622848 
0.831651 0.072959 
t=141
0.000487491 0.920325 
0.0020965 0.077091 
t=142
0.00240486 0.000179135 
0.912094 0.0853221 
t=143
0.550114 0.364385 
0.0466751 0.0388262 
t=144
0.000258484 0.59653 
0.00877495 0.394436 
t=145
0.00860002 0.000433413 
0.990967 0 
t=146
0.000432937 0.999134 
9.43222e-06 0.000423981 
t=147
0.000421145 2.12244e-05 
0.999558 0 
t=148
0.000433215 0.999546 
4.62004e-07 2.07624e-05 
t=149
0.000412775 2.09019e-05 
0.999566 0 
t=150
0.000530046 0.999449 
5.54036e-07 2.03478e-05 
t=151
0.000496382 3.42185e-05 
0.919837 0.079632 
t=152
0.849136 0.0711977 
0.0720767 0.00758953 
t=153
0.874384 0.0468286 
0.0787872 0 
t=154
0.606651 0.346521 
0.0272681 0.0195604 
t=155
0.43025 0.203669 
0.366081 0 
t=156
0.752591 0.0437403 
0.189814 0.0138543 
t=157
0.620033 0.322373 
0.0575946 0 
t=158
0.376244 0.301383 
0.160708 0.161665 
t=159
0.511071 0.0258807 
0.463049 0 
t=160
0.000517412 0.973602 
0.000687396 0.0251933 
t=161
0.00113704 6.77682e-05 
0.929243 0.0695522 
t=162
0.627718 0.302662 
0.06962 0 
t=163
0.000361936 0.696976 
0.00785981 0.294803 
t=164
5.11629e-06 0.00821663 
0.0307239 0.961054 
t=165
0.020358 0.010371 
0.969271 0 
t=166
0.636461 0.353168 
0.00611191 0.0042591 
t=167
0.423671 0.218902 
0.357427 0 
t=168
0.454959 0.32614 
0.115196 0.103705 
t=169
0.318058 0.252096 
0.21542 0.214426 
t=170
0.502427 0.0310508 
0.466522 0 
t=171
0.00487038 0.964079 
0.00639494 0.0246558 
t=172
0.0105326 0.000732692 
0.909298 0.0794368 
t=173
0.000408436 0.919422 
0.00178769 0.0783818 
t=174
8.96902e-06 0.00218715 
0.17354 0.824264 
t=175
0.166326 0.00722255 
0.826451 0 
t=176
0.673262 0.319515 
0.00722255 0 
t=177
0.63624 0.044245 
0.293853 0.0256628 
t=178
0.00040689 0.929685 
0.00153633 0.0683716 
t=179
0.00183159 0.00011163 
0.998057 0 
t=180
0.951716 0.0481723 
0.00011163 0 
t=181
0.000496409 0.951331 
0.00125687 0.0469155 
t=182
9.18277e-07 0.00175236 
0.0261532 0.972094 
t=183
1.14417e-05 0.0261427 
0.0214016 0.952444 
t=184
0.020183 0.00123008 
0.978587 0 
t=185
0.950636 0.0481337 
0.00123008 0 
t=186
0.000502883 0.951363 
0.00127177 0.0468619 
t=187
0.00163691 0.000137741 
0.902821 0.0954048 
t=188
0.861548 0.0429094 
0.0955426 0 
t=189
0.895543 0.0615477 
0.0395001 0.00340922 
t=190
0.874018 0.0610247 
0.0597204 0.00523648 
t=191
0.000484628 0.933254 
0.00172071 0.0645404 
t=192
1.37296e-06 0.00220396 
0.0309236 0.966871 
t=193
0.0204787 0.0104462 
0.969075 0 
t=194
0.630854 0.3587 
0.00609445 0.00435179 
t=195
0.430332 0.206617 
0.363052 0 
t=196
0.000343713 0.79304 
0.00449753 0.202119 
t=197
0.00460791 0.000233332 
0.995159 0 
t=198
0.000529829 0.999237 
6.18362e-06 0.000227148 
t=199
0.000501022 3.49901e-05 
0.918875 0.080589 
t=200
0.000481622 0.918894 
0.00211271 0.0785113 
t=201
1.1239e-06 0.00259321 
0.0217106 0.975695 
t=202
0.0206657 0.00104602 
0.978288 0 
t=203
0.000520874 0.998433 
2.7286e-05 0.00101873 
t=204
2.89533e-07 0.00054787 
0.0264011 0.973051 
t=205
0.0243276 0.00207373 
0.879454 0.0941451 
t=206
0.00453794 0.899243 
0.0197994 0.0764194 
t=207
0.0226499 0.00168742 
0.89219 0.0834729 
t=208
0.549717 0.365122 
0.0464311 0.0387293 
t=209
0.000291436 0.595857 
0.00989278 0.393959 
t=210
0.00611592 0.00406829 
0.539299 0.450517 
t=211
0.00028328 0.545132 
0.011813 0.442772 
t=212
7.35592e-06 0.012089 
0.0299274 0.957976 
t=213
0.0202944 0.00964038 
0.970065 0 
t=214
0.922242 0.0681178 
0.00882207 0.00081831 
t=215
0.593869 0.337195 
0.0402417 0.0286944 
t=216
0.427811 0.2063 
0.365889 0 
t=217
0.000413968 0.793286 
0.00538295 0.200917 
t=218
3.02841e-06 0.00579389 
0.0259828 0.96822 
t=219
1.27126e-05 0.0259731 
0.0238761 0.950138 
t=220
0.0144191 0.00946966 
0.534926 0.441185 
t=221
0.506885 0.0424604 
0.407759 0.0428952 
t=222
0.00419869 0.910446 
0.0163407 0.0690149 
t=223
0.0114133 0.00912609 
0.488712 0.490749 
t=224
0.00231961 0.497806 
0.0965006 0.403374 
t=225
0.0593419 0.0394783 
0.490982 0.410198 
t=226
0.000287042 0.550037 
0.0117338 0.437943 
t=227
6.26998e-06 0.0120145 
0.0257804 0.962199 
t=228
1.34444e-05 0.0257733 
0.0254106 0.948803 
t=229
1.34772e-05 0.0254106 
0.0258344 0.948742 
t=230
0.024188 0.00165984 
0.896862 0.07729 
t=231
0.866489 0.0545614 
0.0731642 0.00578566 
t=232
0.669799 0.269854 
0.0603471 0 
t=233
0.482214 0.247932 
0.269854 0 
t=234
0.453944 0.298124 
0.135871 0.112061 
t=235
0.544228 0.0455876 
0.371142 0.0390425 
t=236
0.0042016 0.911168 
0.0162004 0.0684296 
t=237
0.011328 0.00907406 
0.488344 0.491254 
t=238
0.475588 0.0240839 
0.500328 0 
t=239
0.000518367 0.975398 
0.000639671 0.0234442 
t=240
0.0010929 6.51349e-05 
0.929289 0.0695528 
t=241
0.627693 0.302689 
0.0696179 0 
t=242
0.000363709 0.696948 
0.00789831 0.29479 
t=243
4.30938e-06 0.00825771 
0.0258783 0.96586 
t=244
1.34994e-05 0.0258691 
0.0254172 0.9487 
t=245
1.32899e-05 0.0254175 
0.0254779 0.949091 
t=246
1.22973e-05 0.0254789 
0.023564 0.950945 
t=247
0.0127989 0.0107774 
0.474571 0.501853 
t=248
0.00289455 0.484475 
0.120335 0.392296 
t=249
0.0810603 0.0421688 
0.876771 0 
t=250
0.529528 0.428303 
0.0209195 0.0212493 
t=251
0.529023 0.0214247 
0.449552 0 
t=252
0.618923 0.359652 
0.0214247 0 
t=253
0.609967 0.0303808 
0.359652 0 
t=254
0.907085 0.0625346 
0.0279601 0.00242071 
t=255
0.862475 0.0725702 
0.0587476 0.00620773 
t=256
0.877465 0.0437569 
0.0787779 0 
t=257
0.889988 0.0662554 
0.0400158 0.00374111 
t=258
0.561775 0.368228 
0.0383929 0.0316036 
t=259
0.558404 0.0417645 
0.365502 0.0343305 
t=260
0.539536 0.384369 
0.0401628 0.0359322 
t=261
0.339035 0.240663 
0.222212 0.19809 
t=262
0.336968 0.224279 
0.238991 0.199762 
t=263
0.000305926 0.575653 
0.0112626 0.412779 
t=264
0.0109179 0.000650675 
0.919604 0.068827 
t=265
0.62778 0.302743 
0.0694777 0 
t=266
0.000364266 0.696893 
0.00791209 0.294831 
t=267
4.04602e-06 0.00827231 
0.0242934 0.96743 
t=268
0.0145914 0.00970597 
0.531614 0.444088 
t=269
0.000283467 0.545922 
0.0117834 0.442011 
t=270
7.53377e-06 0.0120593 
0.0307024 0.957231 
t=271
0.0202786 0.0104314 
0.96929 0 
t=272
0.595222 0.394347 
0.00569395 0.00473744 
t=273
0.000262837 0.600653 
0.00876889 0.390315 
t=274
0.00851444 0.000517284 
0.990968 0 
t=275
0.94831 0.0511727 
0.000517284 0 
t=276
0.57316 0.375667 
0.0280689 0.0231038 
t=277
0.559543 0.041686 
0.364654 0.0341169 
t=278
0.555342 0.368855 
0.0413294 0.0344735 
t=279
0.000291586 0.59638 
0.00987649 0.393452 
t=280
0.00609044 0.00407764 
0.537719 0.452112 
t=281
0.000354388 0.543455 
0.0147784 0.441412 
t=282
0.00957304 0.0055597 
0.984867 0 
t=283
0.946728 0.0477121 
0.0055597 0 
t=284
0.00041246 0.951875 
0.00103834 0.0466737 
t=285
0.00138119 6.96083e-05 
0.998549 0 
t=286
0.000433274 0.999497 
1.51547e-06 6.80928e-05 
t=287
0.000413757 2.10318e-05 
0.999565 0 
t=288
0.000608108 0.999371 
6.37143e-07 2.03947e-05 
t=289
0.000412695 0.00019605 
0.999391 0 
t=290
0.930866 0.0689377 
0.000179368 1.66819e-05 
t=291
0.583277 0.347768 
0.0394303 0.0295241 
t=292
0.44116 0.181548 
0.377293 0 
t=293
0.552119 0.266333 
0.181548 0 
t=294
0.000387611 0.733279 
0.00703703 0.259296 
t=295
0.00684878 0.000575858 
0.897777 0.0947986 
t=296
0.861043 0.043583 
0.0953744 0 
t=297
0.000498911 0.955918 
0.00113737 0.0424456 
t=298
8.49772e-07 0.00163543 
0.0259413 0.972422 
t=299
1.58307e-05 0.0259263 
0.0296076 0.94445 
t=300
0.0200136 0.00960986 
0.970377 0 
t=301
0.000430416 0.98996 
0.00020983 0.00940003 
t=302
0.000607468 3.27779e-05 
0.99936 0 
t=303
0.604344 0.395624 
1.7989e-05 1.47889e-05 
t=304
0.565384 0.0389777 
0.364114 0.0315241 
t=305
0.857355 0.072143 
0.0637637 0.0067381 
t=306
0.87741 0.0437089 
0.0788811 0 
t=307
0.893966 0.0623254 
0.0401901 0.0035188 
t=308
0.000456783 0.933699 
0.0016133 0.0642309 
t=309
0.00124525 0.000824831 
0.544769 0.453161 
t=310
0.000236523 0.545777 
0.00988122 0.444105 
t=311
0.00963103 0.000486707 
0.989882 0 
t=312
0.000488674 0.999025 
1.19235e-05 0.000474784 
t=313
0.000300835 0.000199763 
0.545011 0.454489 
t=314
0.000263705 0.545048 
0.0110207 0.443668 
t=315
0.00624577 0.00503863 
0.491138 0.497578 
t=316
0.476776 0.0206075 
0.502617 0 
t=317
0.661105 0.318287 
0.0206075 0 
t=318
0.000333185 0.68138 
0.00779495 0.310492 
t=319
0.00487273 0.0032554 
0.539353 0.452519 
t=320
0.000330856 0.543895 
0.0138034 0.441971 
t=321
0.00958506 0.00454914 
0.985866 0 
t=322
0.930483 0.0649682 
0.00418241 0.000366733 
t=323
0.000485441 0.93418 
0.00169779 0.0636371 
t=324
1.32859e-06 0.0021819 
0.0302487 0.967568 
t=325
0.0204934 0.00975656 
0.96975 0 
t=326
0.913386 0.0768573 
0.0088241 0.000932464 
t=327
0.878445 0.0437656 
0.0777898 0 
t=328
0.893463 0.0627711 
0.0402173 0.00354836 
t=329
0.000603219 0.933077 
0.00213052 0.064189 
t=330
0.0017444 0.000989334 
0.997266 0 
t=331
0.00410768 0.994903 
0.000173034 0.000816299 
t=332
0.00407479 0.000205925 
0.995719 0 
t=333
0.000489192 0.999305 
5.04865e-06 0.000200876 
t=334
0.00029867 0.000195571 
0.548478 0.451028 
t=335
0.51281 0.0359666 
0.414697 0.0365262 
t=336
0.000566805 0.92694 
0.00220657 0.0702862 
t=337
0.00187101 0.000902372 
0.997227 0 
t=338
0.000524017 0.998574 
2.3674e-05 0.000878698 
t=339
2.23848e-07 0.000547468 
0.0205495 0.978903 
t=340
0.000126475 0.0204233 
0.236284 0.743167 
t=341
0.150034 0.086376 
0.76359 0 
t=342
0.862214 0.0514096 
0.086376 0 
t=343
0.00393651 0.944654 
0.00906046 0.0423491 
t=344
0.0122577 0.000739301 
0.987003 0 
t=345
0.941226 0.0580343 
0.000739301 0 
t=346
0.00468034 0.937285 
0.0118423 0.0461919 
t=347
7.15244e-06 0.0165155 
0.0213915 0.962086 
t=348
0.0203832 0.00101543 
0.978601 0 
t=349
0.933779 0.0652054 
0.000933565 8.18681e-05 
t=350
0.000487514 0.934225 
0.00170352 0.0635837 
t=351
1.14477e-06 0.00218989 
0.02608 0.971729 
t=352
1.26965e-05 0.0260684 
0.0237592 0.95016 
t=353
0.0138427 0.00992921 
0.513589 0.462639 
t=354
0.292835 0.234596 
0.235569 0.236999 
t=355
0.502992 0.0254128 
0.471596 0 
t=356
0.000471749 0.974115 
0.000616528 0.0247962 
t=357
0.000606886 0.000481391 
0.500421 0.498491 
t=358
0.472225 0.0288027 
0.498972 0 
t=359
0.925111 0.0460866 
0.0288027 0 
t=360
0.891626 0.0622874 
0.0423695 0.00371708 
t=361
0.000494973 0.933501 
0.00174921 0.0642553 
t=362
0.00209769 0.000146496 
0.917305 0.0804509 
t=363
0.000481535 0.918921 
0.00211158 0.0784858 
t=364
1.13442e-06 0.00259198 
0.0219194 0.975487 
t=365
0.0206613 0.00125925 
0.978079 0 
t=366
0.950621 0.0481193 
0.00125925 0 
t=367
0.000497412 0.951383 
0.00125789 0.0468615 
t=368
8.49182e-07 0.00175445 
0.0242048 0.97404 
t=369
0.0134399 0.0107658 
0.486447 0.489347 
t=370
0.475794 0.024093 
0.500113 0 
t=371
0.000517311 0.97539 
0.000638651 0.0234544 
t=372
0.00108163 7.43347e-05 
0.919486 0.0793579 
t=373
0.860585 0.0599829 
0.073039 0.00639322 
t=374
0.000451667 0.933172 
0.00160944 0.0647666 
t=375
0.00114436 0.00091675 
0.497464 0.500475 
t=376
0.47462 0.0239885 
0.501392 0 
t=377
0.000480027 0.975532 
0.000591096 0.0233974 
t=378
0.000671032 0.000400091 
0.571219 0.42771 
t=379
0.405158 0.166732 
0.42811 0 
t=380
0.562114 0.271154 
0.166732 0 
t=381
0.000385086 0.72846 
0.00716482 0.26399 
t=382
0.00696607 0.000583835 
0.897939 0.0945106 
t=383
0.858538 0.0463678 
0.0950945 0 
t=384
0.572566 0.381066 
0.0252575 0.0211104 
t=385
0.000316819 0.597507 
0.0106583 0.391518 
t=386
0.0102588 0.00071629 
0.909294 0.079731 
t=387
0.000477553 0.919075 
0.00209033 0.078357 
t=388
1.56696e-06 0.00256631 
0.0303175 0.967115 
t=389
0.020484 0.00983503 
0.969681 0 
t=390
0.000428922 0.989736 
0.000214064 0.00962097 
t=391
0.000612055 3.09308e-05 
0.999357 0 
t=392
0.000489195 0.99948 
7.58206e-07 3.01726e-05 
t=393
0.000295723 0.00019423 
0.547729 0.451781 
t=394
0.505485 0.0425397 
0.408774 0.0432017 
t=395
0.870982 0.0432769 
0.0857414 0 
t=396
0.904163 0.0525596 
0.0403325 0.00294437 
t=397
0.621526 0.32297 
0.055504 0 
t=398
0.377543 0.299486 
0.161794 0.161177 
t=399
0.508354 0.0309827 
0.460663 0 
t=400
0.92233 0.0466871 
0.0309827 0 
t=401
0.000498082 0.952815 
0.00122026 0.0454668 
t=402
8.36796e-07 0.00171751 
0.0243619 0.97392 
t=403
0.0142237 0.010139 
0.514797 0.46084 
t=404
0.308055 0.220966 
0.247779 0.2232 
t=405
0.308586 0.247247 
0.221396 0.22277 
t=406
0.50456 0.0254224 
0.470017 0 
t=407
0.000417589 0.97416 
0.000547454 0.0248749 
t=408
4.78045e-06 0.000960263 
0.203366 0.795669 
t=409
0.000100663 0.20327 
0.0197522 0.776877 
t=410
0.0129782 0.00687466 
0.588597 0.39155 
t=411
0.378638 0.222937 
0.398425 0 
t=412
0.00390591 0.773157 
0.0459144 0.177022 
t=413
0.0465817 0.00323863 
0.873879 0.0763007 
t=414
0.000398455 0.920062 
0.00173006 0.0778093 
t=415
0.0020275 0.000101009 
0.997871 0 
t=416
0.934425 0.0654744 
9.284e-05 8.16947e-06 
t=417
0.000552815 0.933965 
0.00193126 0.0635513 
t=418
0.00173126 0.000752814 
0.997516 0 
t=419
0.712266 0.286981 
0.000752814 0 
t=420
0.470931 0.242088 
0.286981 0 
t=421
0.458054 0.299858 
0.132861 0.109226 
t=422
0.552805 0.0381104 
0.376489 0.0325953 
t=423
0.857177 0.0721173 
0.0639491 0.0067567 
t=424
0.877287 0.043839 
0.078874 0 
t=425
0.882 0.0741607 
0.039652 0.00418699 
t=426
0.877256 0.0443965 
0.0783477 0 
t=427
0.000495327 0.955108 
0.00115144 0.043245 
t=428
1.06946e-06 0.0016457 
0.0322337 0.966119 
t=429
0.0204625 0.0117723 
0.967765 0 
t=430
0.931972 0.056256 
0.0117723 0 
t=431
0.889656 0.0540877 
0.056256 0 
t=432
0.00437157 0.941541 
0.0104114 0.0436763 
t=433
0.00864844 0.00613455 
0.52106 0.464157 
t=434
0.319709 0.21 
0.25771 0.212582 
t=435
0.532426 0.0449931 
0.382037 0.0405438 
t=436
0.874797 0.039666 
0.085537 0 
t=437
0.680042 0.280292 
0.039666 0 
t=438
0.486269 0.233439 
0.280292 0 
t=439
0.000329743 0.766231 
0.00504619 0.228393 
t=440
0.00515331 0.000222624 
0.994624 0 
t=441
0.674512 0.325265 
0.000222624 0 
t=442
0.000351895 0.674383 
0.00848649 0.316779 
t=443
4.63006e-06 0.00883376 
0.0259729 0.965189 
t=444
1.12538e-05 0.0259662 
0.0212015 0.952821 
t=445
0.0201909 0.00102186 
0.978787 0 
t=446
0.000518423 0.99846 
2.6533e-05 0.000995327 
t=447
3.4068e-07 0.000544615 
0.0310999 0.968355 
t=448
0.0205094 0.0105908 
0.9689 0 
t=449
0.578715 0.410694 
0.00559997 0.0049908 
t=450
0.351463 0.232852 
0.2269 0.188785 
t=451
0.000253019 0.57811 
0.00926612 0.412371 
t=452
0.00897227 0.000546877 
0.990481 0 
t=453
0.951375 0.0480779 
0.000546877 0 
t=454
0.000465358 0.951457 
0.00117771 0.0469002 
t=455
0.000986675 0.000656397 
0.543929 0.454428 
t=456
0.000284104 0.544631 
0.0118701 0.443215 
t=457
6.44163e-06 0.0121478 
0.0261811 0.961665 
t=458
0.0244855 0.00170205 
0.895628 0.0781845 
t=459
0.000394693 0.919719 
0.00172219 0.0781644 
t=460
0.00203488 8.19975e-05 
0.997883 0 
t=461
0.629257 0.370661 
8.19975e-05 0 
t=462
0.0031703 0.626168 
0.076472 0.294189 
t=463
0.0751602 0.00448211 
0.856234 0.0641237 
t=464
0.628756 0.302638 
0.0686058 0 
t=465
0.000337356 0.697024 
0.0073379 0.295301 
t=466
0.00426021 0.00341504 
0.494508 0.497817 
t=467
0.475073 0.023695 
0.501232 0 
t=468
0.907943 0.0683617 
0.0216481 0.00204694 
t=469
0.515963 0.413628 
0.0350859 0.0353228 
t=470
0.524902 0.0261472 
0.448951 0 
t=471
0.910559 0.0632939 
0.024048 0.00209925 
t=472
0.00040057 0.934206 
0.00140857 0.0639846 
t=473
8.94976e-06 0.00180019 
0.202976 0.795215 
t=474
0.000106043 0.202879 
0.0208293 0.776186 
t=475
1.02429e-05 0.0209251 
0.0240024 0.955062 
t=476
0.014505 0.00950764 
0.535326 0.440661 
t=477
0.51157 0.038261 
0.411517 0.0386518 
t=478
0.539135 0.383953 
0.040601 0.0363118 
t=479
0.339912 0.239824 
0.222828 0.197436 
t=480
0.352545 0.210194 
0.250042 0.187219 
t=481
0.426896 0.17569 
0.397413 0 
t=482
0.55611 0.268199 
0.17569 0 
t=483
0.000383361 0.731417 
0.00702806 0.261171 
t=484
3.21004e-06 0.00740821 
0.0216012 0.970987 
t=485
0.020568 0.00103635 
0.978396 0 
t=486
0.000428576 0.998535 
2.23446e-05 0.00101401 
t=487
2.21965e-06 0.0004487 
0.202446 0.797103 
t=488
0.000126395 0.202322 
0.0247858 0.772766 
t=489
0.0164502 0.00846196 
0.975088 0 
t=490
0.596459 0.395079 
0.0046194 0.00384255 
t=491
0.000260198 0.600818 
0.00867688 0.390245 
t=492
0.00851301 0.000424066 
0.991063 0 
t=493
0.934584 0.0649916 
0.000390006 3.40598e-05 
t=494
0.000408811 0.934565 
0.0014283 0.0635974 
t=495
0.00173249 0.000104623 
0.998163 0 
t=496
0.943004 0.0568912 
0.000104623 0 
t=497
0.888577 0.0545316 
0.0568912 0 
t=498
0.906154 0.0393143 
0.0545316 0 
t=499
0.650925 0.30976 
0.0393143 0 
t=500
0.637854 0.052386 
0.280799 0.0289615 
t=501
0.00377763 0.914875 
0.0142288 0.0671187 
t=502
0.0171386 0.000867851 
0.981994 0 
t=503
0.000529529 0.998603 
2.30008e-05 0.00084485 
t=504
0.000516611 3.59184e-05 
0.919189 0.0802582 
t=505
0.000398431 0.919307 
0.00174777 0.0785463 
t=506
0.0020428 0.000103404 
0.997854 0 
t=507
0.000522371 0.999374 
2.70241e-06 0.000100701 
t=508
2.56715e-07 0.000524817 
0.0244855 0.974989 
t=509
0.0147147 0.00977108 
0.53193 0.443584 
t=510
0.000264456 0.54638 
0.0109927 0.442363 
t=511
0.00625037 0.00500677 
0.492901 0.495842 
t=512
0.475096 0.0240556 
0.500849 0 
t=513
0.000515637 0.975429 
0.000635626 0.02342 
t=514
0.0010622 8.90643e-05 
0.90369 0.0951587 
t=515
0.858778 0.0459738 
0.0952478 0 
t=516
0.608879 0.345147 
0.0268558 0.019118 
t=517
0.428199 0.207537 
0.364265 0 
t=518
0.00049541 0.791968 
0.00645788 0.201079 
t=519
0.00458544 0.00236785 
0.993047 0 
t=520
0.583527 0.414105 
0.00125203 0.00111582 
t=521
0.35176 0.233019 
0.22666 0.188561 
t=522
0.000251524 0.578169 
0.00921039 0.41237 
t=523
0.00897226 0.000489653 
0.990538 0 
t=524
0.554965 0.444545 
0.000244099 0.000245554 
t=525
0.52845 0.0267593 
0.444791 0 
t=526
0.000515807 0.972725 
0.000709205 0.0260501 
t=527
0.00114538 7.96333e-05 
0.918572 0.080203 
t=528
0.000398131 0.919319 
0.00174621 0.0785364 
t=529
0.0020426 0.00010175 
0.997856 0 
t=530
0.934885 0.0650133 
9.35773e-05 8.17233e-06 
t=531
0.000409028 0.93457 
0.00142894 0.0635925 
t=532
0.00173238 0.000105582 
0.998162 0 
t=533
0.951703 0.0481918 
0.000105582 0 
t=534
0.000504527 0.951304 
0.00127743 0.0469144 
t=535
0.00166724 0.000114721 
0.918821 0.0793973 
t=536
0.856047 0.0644407 
0.0726445 0.00686747 
t=537
0.516319 0.412373 
0.0356006 0.0357076 
t=538
0.523775 0.028145 
0.44808 0 
t=539
0.604672 0.367183 
0.0159679 0.0121771 
t=540
0.447815 0.172825 
0.37936 0 
t=541
0.5233 0.303875 
0.172825 0 
t=542
0.662638 0.0334866 
0.303875 0 
t=543
0.000472533 0.966041 
0.000820357 0.0326663 
t=544
0.000776882 0.000516008 
0.544513 0.454194 
t=545
0.000266636 0.545023 
0.0111412 0.443569 
t=546
0.00686231 0.00454549 
0.539671 0.448921 
t=547
0.000236766 0.546296 
0.00987066 0.443596 
t=548
0.00962047 0.000486954 
0.989893 0 
t=549
0.00052134 0.998992 
1.27066e-05 0.000474248 
t=550
2.78438e-07 0.000533768 
0.0260695 0.973396 
t=551
1.38157e-05 0.0260559 
0.0258104 0.94812 
t=552
0.024138 0.0016862 
0.895606 0.0785697 
t=553
0.000486931 0.919257 
0.00212481 0.078131 
t=554
0.00243081 0.00018093 
0.912128 0.08526 
t=555
0.553165 0.361394 
0.0469337 0.0385072 
t=556
0.566178 0.0339206 
0.371919 0.0279827 
t=557
0.636226 0.301871 
0.0619032 0 
t=558
0.653363 0.0447662 
0.277954 0.0239167 
t=559
0.881845 0.0494718 
0.0641625 0.00452041 
t=560
0.600778 0.34523 
0.0539922 0 
t=561
0.616777 0.0379928 
0.34523 0 
t=562
0.00475696 0.95725 
0.00772291 0.0302699 
t=563
6.63098e-06 0.0124732 
0.0262371 0.961283 
t=564
0.024802 0.00144174 
0.907507 0.0662494 
t=565
0.613499 0.31881 
0.0676911 0 
t=566
0.37977 0.301421 
0.159665 0.159145 
t=567
0.508731 0.0307038 
0.460566 0 
t=568
0.913614 0.0556823 
0.0307038 0 
t=569
0.898823 0.0454947 
0.0556823 0 
t=570
0.000497651 0.954008 
0.00118665 0.0443081 
t=571
8.92818e-07 0.00168341 
0.0264631 0.971853 
t=572
0.0247622 0.00170178 
0.896189 0.0773475 
t=573
0.860928 0.0600228 
0.0726853 0.00636396 
t=574
0.000456745 0.933156 
0.00162738 0.0647594 
t=575
0.00125815 0.000825968 
0.54697 0.450946 
t=576
0.50669 0.0415383 
0.409602 0.0421696 
t=577
0.0037281 0.912564 
0.0145132 0.0691947 
t=578
9.02061e-05 0.0181511 
0.199576 0.782183 
t=579
0.000105821 0.19956 
0.0212114 0.779123 
t=580
0.0199314 0.00138577 
0.900092 0.0785907 
t=581
0.000398568 0.919625 
0.00174086 0.0782356 
t=582
0.00203635 0.000103073 
0.997861 0 
t=583
0.000521535 0.999375 
2.68957e-06 0.000100383 
t=584
2.73417e-07 0.000523951 
0.0260791 0.973397 
t=585
1.36258e-05 0.0260657 
0.0254554 0.948465 
t=586
1.24028e-05 0.0254566 
0.0237822 0.950749 
t=587
0.0138919 0.00990276 
0.515089 0.461116 
t=588
0.307963 0.221018 
0.247737 0.223281 
t=589
0.307223 0.248478 
0.22042 0.22388 
t=590
0.507073 0.0205697 
0.472358 0 
t=591
0.620488 0.358943 
0.0205697 0 
t=592
0.00294311 0.638114 
0.0687229 0.29022 
t=593
0.0398578 0.0318082 
0.463655 0.464679 
t=594
0.477456 0.0260568 
0.496487 0 
t=595
0.540764 0.433179 
0.0129895 0.0130673 
t=596
0.527075 0.0266787 
0.446246 0 
t=597
0.000507712 0.972814 
0.000696202 0.0259825 
t=598
6.26069e-07 0.00120329 
0.0259864 0.97281 
t=599
1.51449e-05 0.0259719 
0.0283127 0.9457 
t=600
0.0200401 0.00828773 
0.971672 0 
t=601
0.672304 0.319408 
0.00828773 0 
t=602
0.6334 0.0471923 
0.292079 0.027329 
t=603
0.555779 0.3697 
0.0406029 0.0339185 
t=604
0.000309694 0.596072 
0.0104867 0.393132 
t=605
6.60657e-06 0.0107898 
0.030149 0.959055 
t=606
0.0203167 0.00983894 
0.969844 0 
t=607
0.000602481 0.989559 
0.000298229 0.00954071 
t=608
0.000610282 0.000290428 
0.999099 0 
t=609
0.923719 0.0759907 
0.000263233 2.71952e-05 
t=610
0.00383663 0.920145 
0.0134039 0.062614 
t=611
0.0162503 0.000990204 
0.982759 0 
t=612
0.950679 0.0483303 
0.000990204 0 
t=613
0.000581184 0.951088 
0.00147016 0.0468602 
t=614
0.00138482 0.000666523 
0.997949 0 
t=615
0.000482542 0.998851 
1.61315e-05 0.000650392 
t=616
0.000272754 0.000225919 
0.489907 0.509595 
t=617
0.00270432 0.487475 
0.113018 0.396803 
t=618
0.0819815 0.0337405 
0.884278 0 
t=619
0.65189 0.31437 
0.0337405 0 
t=620
0.000358189 0.685272 
0.00821591 0.306154 
t=621
4.19256e-06 0.00856991 
0.0242916 0.967134 
t=622
0.0146151 0.00968069 
0.532639 0.443065 
t=623
0.000236912 0.547017 
0.00984818 0.442898 
t=624
0.00960598 0.000479108 
0.989915 0 
t=625
0.929575 0.0699454 
0.000437744 4.13644e-05 
t=626
0.518804 0.411209 
0.0350743 0.0349124 
t=627
0.521639 0.0322391 
0.446122 0 
t=628
0.00486511 0.962896 
0.00664043 0.0255986 
t=629
0.0107638 0.000741724 
0.909765 0.0787294 
t=630
0.850743 0.0697858 
0.072049 0.00742212 
t=631
0.0037679 0.919024 
0.0134258 0.0637822 
t=632
0.0164816 0.00071201 
0.982806 0 
t=633
0.674184 0.325104 
0.00071201 0 
t=634
0.000351873 0.674544 
0.00847983 0.316624 
t=635
4.68036e-06 0.00882702 
0.0262672 0.964901 
t=636
0.0245564 0.00171548 
0.895192 0.0785359 
t=637
0.000487533 0.919261 
0.00212724 0.0781241 
t=638
0.00244644 0.000168335 
0.918055 0.0793305 
t=639
0.856083 0.0644184 
0.072635 0.00686391 
t=640
0.517897 0.410821 
0.0357093 0.0355731 
t=641
0.521803 0.0318025 
0.446394 0 
t=642
0.921552 0.0466456 
0.0318025 0 
t=643
0.000497241 0.952857 
0.00121712 0.0454285 
t=644
8.9544e-07 0.00171347 
0.0260846 0.972201 
t=645
1.28637e-05 0.0260726 
0.0240605 0.949854 
t=646
0.0153556 0.00871772 
0.56973 0.406196 
t=647
0.394686 0.1904 
0.414914 0 
t=648
0.000428613 0.809171 
0.00504087 0.185359 
t=649
0.00509031 0.000379175 
0.909454 0.0850762 
t=650
0.550095 0.36445 
0.0466456 0.0388098 
t=651
0.000261016 0.59648 
0.00886082 0.394399 
t=652
0.0085992 0.000522636 
0.990878 0 
t=653
0.948672 0.050805 
0.000522636 0 
t=654
0.604289 0.344906 
0.0295932 0.0212118 
t=655
0.429893 0.20399 
0.366117 0 
t=656
0.744693 0.0513172 
0.187742 0.0162472 
t=657
0.861671 0.0707651 
0.0612476 0.00631681 
t=658
0.00379432 0.919124 
0.0134802 0.0636017 
t=659
0.0164456 0.00082887 
0.982726 0 
t=660
0.000434321 0.998737 
1.81018e-05 0.000810768 
t=661
0.000429173 2.32495e-05 
0.999548 0 
t=662
0.587233 0.412744 
1.23492e-05 1.09003e-05 
t=663
0.377472 0.209773 
0.243096 0.169658 
t=664
0.40978 0.210789 
0.379431 0 
t=665
0.474775 0.314437 
0.115077 0.0957117 
t=666
0.000253745 0.589598 
0.00886661 0.401282 
t=667
0.00874214 0.000378223 
0.99088 0 
t=668
0.675411 0.324211 
0.000378223 0 
t=669
0.000289532 0.6755 
0.0069809 0.31723 
t=670
3.6035e-05 0.0072344 
0.202172 0.790557 
t=671
9.77855e-05 0.202111 
0.0193368 0.778455 
t=672
0.010757 0.00867763 
0.487098 0.493467 
t=673
0.47721 0.0206447 
0.502145 0 
t=674
0.66167 0.317685 
0.0206447 0 
t=675
0.000295379 0.682019 
0.00691027 0.310775 
t=676
0.00686338 0.000342263 
0.992794 0 
t=677
0.930347 0.0693106 
0.000312981 2.92822e-05 
t=678
0.559244 0.371416 
0.037807 0.0315329 
t=679
0.00029076 0.59676 
0.0098338 0.393115 
t=680
0.00591249 0.00421207 
0.522456 0.467419 
t=681
0.30903 0.219339 
0.249363 0.222268 
t=682
0.335532 0.222861 
0.240773 0.200834 
t=683
0.000281733 0.576023 
0.0103788 0.413316 
t=684
0.00640171 0.00425882 
0.539015 0.450324 
t=685
0.000284389 0.545132 
0.011858 0.442725 
t=686
6.41498e-06 0.012136 
0.0261007 0.961757 
t=687
0.0240807 0.00202644 
0.880808 0.0930848 
t=688
0.862016 0.0428733 
0.0951112 0 
t=689
0.900836 0.0562904 
0.0397537 0.00311959 
t=690
0.665339 0.275251 
0.05941 0 
t=691
0.491495 0.233254 
0.275251 0 
t=692
0.716879 0.0498677 
0.214514 0.0187396 
t=693
0.000413092 0.93098 
0.00152813 0.0670791 
t=694
7.98186e-06 0.00193324 
0.174561 0.823498 
t=695
0.16617 0.00839868 
0.825431 0 
t=696
0.000487706 0.991114 
0.000206955 0.00819172 
t=697
0.00043526 0.000259401 
0.571543 0.427762 
t=698
0.40504 0.166938 
0.428022 0 
t=699
0.562832 0.27023 
0.166938 0 
t=700
0.000315923 0.729454 
0.00587805 0.264352 
t=701
0.00589975 0.000294226 
0.993806 0 
t=702
0.930154 0.0695517 
0.000268969 2.52572e-05 
t=703
0.544325 0.386098 
0.036798 0.0327789 
t=704
0.350778 0.230346 
0.229563 0.189313 
t=705
0.535736 0.0446051 
0.379933 0.0397257 
t=706
0.86303 0.0526395 
0.0843308 0 
t=707
0.902408 0.0449524 
0.0526395 0 
t=708
0.892958 0.0620892 
0.0413423 0.00361003 
t=709
0.000406135 0.933895 
0.00143486 0.0642643 
t=710
0.00174633 9.46582e-05 
0.998159 0 
t=711
0.584712 0.415194 
5.00376e-05 4.46207e-05 
t=712
0.350247 0.234514 
0.225567 0.189671 
t=713
0.000376193 0.575438 
0.0137752 0.41041 
t=714
0.00892964 0.00522172 
0.985849 0 
t=715
0.953566 0.0412124 
0.00522172 0 
t=716
0.647144 0.311643 
0.0412124 0 
t=717
0.00033991 0.688017 
0.00770922 0.303934 
t=718
0.00518048 0.00286866 
0.585081 0.40687 
t=719
0.388373 0.201888 
0.409739 0 
t=720
0.443811 0.354301 
0.100815 0.101072 
t=721
0.516618 0.0280082 
0.455374 0 
t=722
0.56757 0.404422 
0.0147813 0.0132269 
t=723
0.340085 0.242267 
0.22044 0.197209 
t=724
0.327946 0.232579 
0.232449 0.207027 
t=725
0.338655 0.221739 
0.241241 0.198365 
t=726
0.542041 0.0378548 
0.38623 0.033874 
t=727
0.000486334 0.927785 
0.00187981 0.069849 
t=728
1.01994e-06 0.00236512 
0.0216097 0.976024 
t=729
0.0206726 0.000938136 
0.978389 0 
t=730
0.708052 0.29101 
0.000938136 0 
t=731
0.47767 0.23132 
0.29101 0 
t=732
0.000467301 0.768213 
0.00700548 0.224314 
t=733
0.00506775 0.00240503 
0.992527 0 
t=734
0.932744 0.0648507 
0.0022119 0.00019313 
t=735
0.000405006 0.934551 
0.00141571 0.0636281 
t=736
0.00173313 8.75855e-05 
0.998179 0 
t=737
0.000489164 0.999423 
2.14697e-06 8.54386e-05 
t=738
0.00029653 0.000194781 
0.547701 0.451807 
t=739
0.505224 0.0427736 
0.408563 0.0434392 
t=740
0.875771 0.0380162 
0.0862128 0 
t=741
0.652151 0.309833 
0.0380162 0 
t=742
0.642315 0.0478525 
0.283325 0.0265078 
t=743
0.556206 0.369433 
0.0405426 0.0338176 
t=744
0.00029175 0.596457 
0.00987875 0.393372 
t=745
0.00611085 0.00405966 
0.539624 0.450205 
t=746
0.000269059 0.545466 
0.01122 0.443045 
t=747
0.00731717 0.00417194 
0.576048 0.412463 
t=748
0.395213 0.188152 
0.416635 0 
t=749
0.748868 0.0629796 
0.170179 0.0179735 
t=750
0.874956 0.0440907 
0.0809531 0 
t=751
0.000412156 0.955497 
0.000955286 0.0431354 
t=752
0.00130775 5.96938e-05 
0.998633 0 
t=753
0.712822 0.287118 
5.96938e-05 0 
t=754
0.470697 0.242185 
0.287118 0 
t=755
0.455072 0.302744 
0.131947 0.110237 
t=756
0.000306148 0.586713 
0.0107751 0.402206 
t=757
5.80478e-06 0.0110754 
0.0259131 0.963006 
t=758
1.12483e-05 0.0259077 
0.0212395 0.952842 
t=759
9.85849e-05 0.0211522 
0.188982 0.789767 
t=760
0.113731 0.0753499 
0.442636 0.368284 
t=761
0.000243491 0.556123 
0.00975325 0.43388 
t=762
0.00941875 0.000577987 
0.990003 0 
t=763
0.957801 0.0416209 
0.000577987 0 
t=764
0.650393 0.307986 
0.0416209 0 
t=765
0.653041 0.0389724 
0.286513 0.021473 
t=766
0.634734 0.30482 
0.0604453 0 
t=767
0.000304092 0.694876 
0.0066982 0.298122 
t=768
0.00660071 0.000401586 
0.992998 0 
t=769
0.00463726 0.994961 
7.75404e-05 0.000324046 
t=770
0.00283593 0.00187887 
0.543273 0.452013 
t=771
0.000238911 0.54587 
0.00997503 0.443916 
t=772
0.00962708 0.000586866 
0.989786 0 
t=773
0.951462 0.0479506 
0.000586866 0 
t=774
0.000412356 0.951637 
0.00104353 0.0469071 
t=775
0.00138604 6.9852e-05 
0.998544 0 
t=776
0.000433152 0.999497 
1.52036e-06 6.83317e-05 
t=777
0.000413762 2.091e-05 
0.999565 0 
t=778
0.000489281 0.99949 
5.12649e-07 2.03973e-05 
t=779
0.000295979 0.000193815 
0.548473 0.451037 
t=780
0.512741 0.0360285 
0.414641 0.0365892 
t=781
0.000602012 0.92678 
0.00234364 0.0702741 
t=782
0.00187068 0.00107497 
0.997054 0 
t=783
0.940962 0.057963 
0.00107497 0 
t=784
0.00465852 0.937378 
0.0117829 0.04618 
t=785
8.71342e-06 0.0164328 
0.0260664 0.957492 
t=786
0.0243757 0.00169941 
0.895519 0.0784058 
t=787
0.000449701 0.919445 
0.00196225 0.0781429 
t=788
0.00144839 0.000963566 
0.543507 0.454081 
t=789
0.000284245 0.544671 
0.011874 0.443171 
t=790
6.33894e-06 0.0121519 
0.0257661 0.962076 
t=791
1.36619e-05 0.0257588 
0.0258252 0.948402 
t=792
0.0241801 0.00165882 
0.896891 0.0772701 
t=793
0.867565 0.0535058 
0.0732552 0.00567373 
t=794
0.65684 0.283981 
0.0591796 0 
t=795
0.507456 0.208563 
0.283981 0 
t=796
0.533212 0.258224 
0.208563 0 
t=797
0.000451405 0.741324 
0.00782803 0.250396 
t=798
0.00560907 0.00267037 
0.991721 0 
t=799
0.919933 0.0773971 
0.00241519 0.000255183 
t=800
0.878451 0.0438971 
0.0776523 0 
t=801
0.881947 0.0741561 
0.0397046 0.00419254 
t=802
0.877254 0.0443977 
0.0783487 0 
t=803
0.000495932 0.955106 
0.00115285 0.0432449 
t=804
1.02944e-06 0.00164775 
0.0310276 0.967324 
t=805
0.020488 0.0105406 
0.968971 0 
t=806
0.59455 0.394909 
0.00574691 0.00479373 
t=807
0.000293722 0.600004 
0.00979955 0.389903 
t=808
0.00609953 0.00399374 
0.543227 0.44668 
t=809
0.51347 0.0358569 
0.414337 0.0363365 
t=810
0.00048476 0.927322 
0.00188694 0.0703066 
t=811
1.15456e-06 0.00237055 
0.0243375 0.973291 
t=812
0.0141725 0.0101662 
0.513282 0.46238 
t=813
0.29276 0.234694 
0.235478 0.237068 
t=814
0.503173 0.0250649 
0.471762 0 
t=815
0.911553 0.0633818 
0.023052 0.00201291 
t=816
0.000406191 0.934199 
0.00142795 0.0639668 
t=817
0.00174016 9.39802e-05 
0.998166 0 
t=818
0.600448 0.399458 
5.12024e-05 4.27777e-05 
t=819
0.000313182 0.600186 
0.0104235 0.389077 
t=820
5.62173e-06 0.0107311 
0.0259107 0.963353 
t=821
1.14868e-05 0.0259048 
0.0216824 0.952401 
t=822
8.9543e-05 0.0216043 
0.171651 0.806655 
t=823
0.162849 0.00889095 
0.82826 0 
t=824
0.54856 0.442549 
0.00441646 0.00447449 
t=825
0.530079 0.0228966 
0.447024 0 
t=826
0.659133 0.31797 
0.0228966 0 
t=827
0.000361016 0.681669 
0.00841696 0.309553 
t=828
0.00816367 0.000614305 
0.90564 0.0855825 
t=829
0.509546 0.404257 
0.0431775 0.0430193 
t=830
0.521049 0.0316741 
0.447277 0 
t=831
0.00447235 0.963854 
0.00609389 0.0255802 
t=832
0.00615276 0.00441348 
0.520527 0.468907 
t=833
0.292329 0.234351 
0.235863 0.237457 
t=834
0.503133 0.025059 
0.471808 0 
t=835
0.912175 0.0627657 
0.0230658 0.00199317 
t=836
0.869758 0.065483 
0.0591649 0.00559404 
t=837
0.515816 0.413107 
0.0354363 0.0356408 
t=838
0.524584 0.0266687 
0.448748 0 
t=839
0.00059447 0.972737 
0.000811308 0.0258574 
t=840
0.00094892 0.000456857 
0.998594 0 
t=841
0.000488637 0.999055 
1.11911e-05 0.000445666 
t=842
0.000300143 0.000199685 
0.544537 0.454963 
t=843
0.000284711 0.544552 
0.0118986 0.443264 
t=844
5.89137e-06 0.0121774 
0.0239414 0.963875 
t=845
0.0132492 0.0106981 
0.48463 0.491423 
t=846
0.477677 0.0202017 
0.502121 0 
t=847
0.647131 0.332668 
0.0202017 0 
t=848
0.40329 0.264042 
0.182562 0.150106 
t=849
0.547761 0.038091 
0.380885 0.0332627 
t=850
0.000405716 0.928241 
0.00156605 0.0697876 
t=851
0.00186098 0.000110785 
0.998028 0 
t=852
0.00411129 0.995778 
1.93763e-05 9.14088e-05 
t=853
0.00393196 0.000198702 
0.995869 0 
t=854
0.000488754 0.999313 
4.86729e-06 0.000193835 
t=855
0.000296376 0.000197245 
0.544457 0.455049 
t=856
0.000288399 0.544465 
0.0120527 0.443194 
t=857
0.0114853 0.00085575 
0.903151 0.0845076 
t=858
0.54917 0.365466 
0.0465008 0.0388626 
t=859
0.000314705 0.595356 
0.0106831 0.393646 
t=860
0.0101449 0.000852997 
0.894545 0.0944573 
t=861
0.861104 0.043586 
0.0953103 0 
t=862
0.000498854 0.955915 
0.00113733 0.0424487 
t=863
8.53412e-07 0.00163533 
0.0260511 0.972313 
t=864
1.35884e-05 0.0260384 
0.025414 0.948534 
t=865
1.32628e-05 0.0254144 
0.0254304 0.949142 
t=866
1.32697e-05 0.0254304 
0.0254272 0.949129 
t=867
1.33261e-05 0.0254272 
0.0255358 0.949024 
t=868
1.11099e-05 0.025538 
0.0212891 0.953162 
t=869
0.020198 0.00110227 
0.9787 0 
t=870
0.554672 0.444226 
0.000549551 0.000552723 
t=871
0.528361 0.0268601 
0.444779 0 
t=872
0.000593865 0.972546 
0.000816479 0.0260436 
t=873
0.000952786 0.000457558 
0.99859 0 
t=874
0.000437193 0.999105 
1.00537e-05 0.000447505 
t=875
0.000421631 2.56158e-05 
0.999553 0 
t=876
0.948779 0.0511949 
2.56158e-05 0 
t=877
0.573395 0.375411 
0.0280949 0.0231 
t=878
0.562397 0.0390929 
0.366516 0.0319948 
t=879
0.000398156 0.928514 
0.00153133 0.0695563 
t=880
9.54185e-06 0.00191994 
0.202896 0.795174 
t=881
0.000107422 0.202798 
0.0211034 0.775991 
t=882
0.0197412 0.00146963 
0.895105 0.0836838 
t=883
0.552636 0.362211 
0.046708 0.0384454 
t=884
0.557813 0.0415308 
0.366398 0.0342583 
t=885
0.557875 0.366336 
0.041536 0.034253 
t=886
0.553367 0.0460443 
0.36269 0.0378992 
t=887
0.862857 0.0531998 
0.0839434 0 
t=888
0.0047033 0.942097 
0.0108539 0.0423459 
t=889
6.80588e-06 0.0155504 
0.0216346 0.962808 
t=890
0.0203981 0.00124331 
0.978359 0 
t=891
0.950712 0.0480445 
0.00124331 0 
t=892
0.000465418 0.95149 
0.001177 0.0468675 
t=893
0.000986947 0.000655474 
0.544345 0.454012 
t=894
0.000265642 0.545067 
0.0110988 0.443569 
t=895
0.00664922 0.0047152 
0.522934 0.465701 
t=896
0.320242 0.209341 
0.258338 0.212078 
t=897
0.544553 0.034027 
0.390756 0.0306634 
t=898
0.661595 0.273715 
0.0646904 0 
t=899
0.492559 0.233727 
0.273715 0 
t=900
0.716854 0.0494195 
0.215104 0.0186229 
t=901
0.859669 0.0722885 
0.0615433 0.00649905 
t=902
0.876903 0.0443099 
0.0787875 0 
t=903
0.000465235 0.955225 
0.00108096 0.043229 
t=904
0.000900351 0.000645842 
0.525271 0.473183 
t=905
0.292034 0.234137 
0.236105 0.237724 
t=906
0.503131 0.0250076 
0.471861 0 
t=907
0.920153 0.0548394 
0.0232662 0.00174136 
t=908
0.636489 0.30693 
0.0565807 0 
t=909
0.000361497 0.692708 
0.00800898 0.298921 
t=910
4.366e-06 0.00836612 
0.0258757 0.965754 
t=911
1.34924e-05 0.0258666 
0.0254069 0.948713 
t=912
1.35023e-05 0.0254069 
0.025885 0.948695 
t=913
0.0244418 0.00145669 
0.906271 0.0678303 
t=914
0.627919 0.302794 
0.069287 0 
t=915
0.000363481 0.696843 
0.00789739 0.294897 
t=916
4.38908e-06 0.00825648 
0.0263481 0.965391 
t=917
0.0249 0.00145246 
0.907191 0.0664563 
t=918
0.615486 0.316605 
0.0679088 0 
t=919
0.411096 0.272299 
0.172835 0.143769 
t=920
0.000252758 0.583679 
0.00904923 0.407019 
t=921
0.00886121 0.000440776 
0.990698 0 
t=922
0.940283 0.0592763 
0.000408441 3.23358e-05 
t=923
0.671311 0.26938 
0.0593087 0 
t=924
0.480594 0.250026 
0.26938 0 
t=925
0.414436 0.335538 
0.123975 0.126051 
t=926
0.00266252 0.535748 
0.0938336 0.367756 
t=927
5.11417e-05 0.096445 
0.0239456 0.879558 
t=928
0.0224365 0.00156025 
0.897613 0.0783898 
t=929
0.000402272 0.919648 
0.00175605 0.078194 
t=930
0.00203548 0.000122847 
0.997842 0 
t=931
0.942427 0.0574503 
0.000122847 0 
t=932
0.897328 0.045222 
0.0574503 0 
t=933
0.00041337 0.954365 
0.000983761 0.0442383 
t=934
0.00133064 6.64934e-05 
0.998603 0 
t=935
0.922378 0.0775552 
6.01428e-05 6.35063e-06 
t=936
0.877997 0.0444411 
0.0775616 0 
t=937
0.000498412 0.95506 
0.00115965 0.0432814 
t=938
8.64539e-07 0.0016572 
0.0260422 0.9723 
t=939
1.37591e-05 0.0260293 
0.0257338 0.948223 
t=940
0.0237506 0.00199698 
0.881204 0.0930481 
t=941
0.861351 0.0436037 
0.0950451 0 
t=942
0.00050114 0.955895 
0.00114289 0.0424608 
t=943
7.03968e-07 0.00164332 
0.0214849 0.976871 
t=944
0.000106786 0.0213789 
0.199719 0.778795 
t=945
8.53348e-05 0.199741 
0.0171746 0.782999 
t=946
8.69411e-05 0.017173 
0.20274 0.78 
t=947
0.191355 0.0114716 
0.741359 0.0558142 
t=948
0.632976 0.299738 
0.0672858 0 
t=949
0.660829 0.0394326 
0.278843 0.0208957 
t=950
0.634741 0.304931 
0.0603283 0 
t=951
0.000309029 0.69476 
0.00680812 0.298123 
t=952
2.88486e-05 0.0070883 
0.171608 0.821275 
t=953
0.000864893 0.170772 
0.170944 0.657419 
t=954
0.162353 0.00945594 
0.771743 0.056448 
t=955
0.615871 0.318225 
0.065904 0 
t=956
0.396941 0.284834 
0.167385 0.150839 
t=957
0.312352 0.251974 
0.216422 0.219252 
t=958
0.506848 0.0219252 
0.471226 0 
t=959
0.660754 0.317321 
0.0219252 0 
t=960
0.000298818 0.682381 
0.00697732 0.310343 
t=961
0.00685439 0.000421751 
0.992724 0 
t=962
0.960519 0.0390593 
0.000421751 0 
t=963
0.610263 0.350678 
0.0390593 0 
t=964
0.611641 0.0376809 
0.350678 0 
t=965
0.00476138 0.957558 
0.00766323 0.0300177 
t=966
6.44779e-06 0.0124182 
0.0256428 0.961933 
t=967
1.60347e-05 0.0256332 
0.0303188 0.944032 
t=968
0.0200046 0.0103302 
0.969665 0 
t=969
0.578814 0.410856 
0.00546163 0.0048686 
t=970
0.350875 0.2334 
0.226507 0.189218 
t=971
0.000299852 0.577082 
0.0109812 0.411637 
t=972
6.88435e-06 0.0112742 
0.0300546 0.958664 
t=973
0.0203086 0.0097529 
0.969938 0 
t=974
0.000433225 0.989814 
0.000214343 0.00953856 
t=975
0.000610342 3.72269e-05 
0.999352 0 
t=976
0.952509 0.0474534 
3.72269e-05 0 
t=977
0.890197 0.0623493 
0.0436169 0.00383647 
t=978
0.000544378 0.93327 
0.00192446 0.0642613 
t=979
0.00174601 0.000722826 
0.997531 0 
t=980
0.678137 0.32114 
0.000722826 0 
t=981
0.640491 0.0383686 
0.298671 0.0224692 
t=982
0.63688 0.302282 
0.0608378 0 
t=983
0.652051 0.0456673 
0.277845 0.0244375 
t=984
0.000541166 0.929354 
0.00203503 0.0680698 
t=985
0.00182506 0.000751136 
0.997424 0 
t=986
0.674156 0.325093 
0.000751136 0 
t=987
0.000351986 0.674555 
0.00848205 0.316611 
t=988
4.62676e-06 0.00882941 
0.0259674 0.965199 
t=989
1.13684e-05 0.0259606 
0.0214174 0.952611 
t=990
0.0201865 0.00124226 
0.978571 0 
t=991
0.959876 0.0388816 
0.00124226 0 
t=992
0.608005 0.353113 
0.0388816 0 
t=993
0.615856 0.0310309 
0.353113 0 
t=994
0.000415711 0.968553 
0.000669056 0.0303618 
t=995
5.33953e-06 0.00107943 
0.202311 0.796604 
t=996
0.000126488 0.20219 
0.0248233 0.772861 
t=997
0.0164522 0.00849759 
0.97505 0 
t=998
0.578959 0.412543 
0.00448456 0.00401303 
t=999
0.340687 0.242757 
0.219837 0.196719 
t=1000
0.327339 0.233185 
0.231961 0.207515 
t=1001
0.327246 0.232054 
0.23311 0.20759 
t=1002
0.338937 0.221419 
0.241509 0.198135 
t=1003
0.547799 0.0326473 
0.390339 0.0292146 
t=1004
0.632918 0.30522 
0.0618619 0 
t=1005
0.000362971 0.694417 
0.00797685 0.297244 
t=1006
4.07699e-06 0.00833574 
0.0242915 0.967369 
t=1007
0.0145889 0.00970663 
0.531557 0.444147 
t=1008
0.000286107 0.54586 
0.0118932 0.441961 
t=1009
5.27249e-06 0.012174 
0.021487 0.966334 
t=1010
0.0204714 0.00102087 
0.978508 0 
t=1011
0.929708 0.0692711 
0.00093352 8.73496e-05 
t=1012
0.558762 0.371879 
0.0377809 0.0315776 
t=1013
0.00031614 0.596227 
0.0106922 0.392765 
t=1014
0.0102898 0.000718526 
0.909256 0.0797357 
t=1015
0.000479442 0.919066 
0.00209858 0.0783557 
t=1016
1.3646e-06 0.00257666 
0.0264024 0.97102 
t=1017
0.0245551 0.00184874 
0.889494 0.0841027 
t=1018
0.507509 0.40654 
0.0428475 0.0431039 
t=1019
0.523842 0.0265147 
0.449644 0 
t=1020
0.000507521 0.972978 
0.000691555 0.0258231 
t=1021
6.3685e-07 0.00119844 
0.0265263 0.972275 
t=1022
0.0250266 0.0015003 
0.905316 0.0681566 
t=1023
0.631354 0.298989 
0.0696569 0 
t=1024
0.661362 0.0396487 
0.278055 0.0209339 
t=1025
0.637531 0.301886 
0.0605826 0 
t=1026
0.658884 0.0392299 
0.280884 0.0210023 
t=1027
0.633406 0.306361 
0.0602322 0 
t=1028
0.00040428 0.693234 
0.00890617 0.297455 
t=1029
0.00658591 0.00272454 
0.99069 0 
t=1030
0.676298 0.320978 
0.00272454 0 
t=1031
0.634688 0.0443343 
0.295092 0.0258862 
t=1032
0.000491098 0.929288 
0.00185491 0.0683657 
t=1033
0.0021617 0.000184308 
0.901164 0.0964905 
t=1034
0.00454062 0.898785 
0.0199106 0.0767642 
t=1035
0.0228631 0.00158815 
0.897276 0.078273 
t=1036
0.000381513 0.919757 
0.00166528 0.0781959 
t=1037
1.18374e-05 0.00203495 
0.229502 0.768451 
t=1038
0.155064 0.0744499 
0.770486 0 
t=1039
0.000400598 0.92515 
0.00161912 0.0728307 
t=1040
0.00192416 9.55582e-05 
0.99798 0 
t=1041
0.94698 0.052924 
8.92913e-05 6.2669e-06 
t=1042
0.599167 0.347903 
0.0529303 0 
t=1043
0.620679 0.0314179 
0.347903 0 
t=1044
0.00050601 0.968076 
0.000821092 0.0305968 
t=1045
6.48908e-07 0.00132645 
0.0244685 0.974204 
t=1046
0.0147163 0.00975284 
0.532417 0.443114 
t=1047
0.000242697 0.546891 
0.0100883 0.442778 
t=1048
4.24458e-05 0.0102885 
0.172983 0.816686 
t=1049
0.164829 0.00819648 
0.826975 0 
t=1050
0.934176 0.0576273 
0.00760715 0.000589323 
t=1051
0.657665 0.284119 
0.0582167 0 
t=1052
0.506968 0.208913 
0.284119 0 
t=1053
0.534384 0.256702 
0.208913 0 
t=1054
0.000329453 0.742968 
0.00571405 0.250988 
t=1055
2.49438e-05 0.00601856 
0.17439 0.819567 
t=1056
0.165393 0.00902128 
0.825585 0 
t=1057
0.552577 0.438401 
0.0045189 0.00450239 
t=1058
0.525177 0.0319192 
0.442904 0 
t=1059
0.918881 0.0491994 
0.0319192 0 
t=1060
0.606153 0.344648 
0.0287037 0.0204957 
t=1061
0.428909 0.205948 
0.365143 0 
t=1062
0.00034509 0.793707 
0.00449685 0.201451 
t=1063
0.00459403 0.000247903 
0.995158 0 
t=1064
0.603925 0.395827 
0.000135979 0.000111924 
t=1065
0.562208 0.0418533 
0.362087 0.0338514 
t=1066
0.558372 0.365923 
0.0415276 0.0341771 
t=1067
0.558638 0.0412616 
0.366139 0.0339619 
t=1068
0.589859 0.334917 
0.043912 0.0313115 
t=1069
0.427581 0.20619 
0.366229 0 
t=1070
0.000414045 0.793396 
0.00538033 0.20081 
t=1071
3.02129e-06 0.00579135 
0.0259344 0.968271 
t=1072
1.37009e-05 0.0259237 
0.0257323 0.94833 
t=1073
0.0237315 0.00201448 
0.880401 0.0938532 
t=1074
0.868807 0.0353253 
0.0958677 0 
t=1075
0.612556 0.352118 
0.0353253 0 
t=1076
0.610496 0.0373851 
0.352118 0 
t=1077
0.920597 0.0420177 
0.0373851 0 
t=1078
0.682845 0.275138 
0.0420177 0 
t=1079
0.478772 0.246091 
0.275138 0 
t=1080
0.455997 0.297912 
0.135181 0.11091 
t=1081
0.557764 0.0334134 
0.380218 0.0286045 
t=1082
0.636089 0.301893 
0.0620178 0 
t=1083
0.652545 0.0455619 
0.277555 0.0243373 
t=1084
0.000483018 0.929618 
0.0018162 0.068083 
t=1085
1.40423e-06 0.00229782 
0.030351 0.96735 
t=1086
0.0204889 0.0098635 
0.969648 0 
t=1087
0.000482288 0.989654 
0.000240762 0.00962274 
t=1088
0.000422879 0.000300172 
0.528319 0.470958 
t=1089
0.317507 0.211236 
0.256746 0.214511 
t=1090
0.000299998 0.573953 
0.0111265 0.41462 
t=1091
5.59102e-06 0.0114209 
0.0242373 0.964336 
t=1092
0.0146519 0.00959097 
0.535526 0.440231 
t=1093
0.514848 0.0353302 
0.414132 0.0356892 
t=1094
0.873947 0.0550334 
0.0658147 0.00520469 
t=1095
0.669904 0.269858 
0.0602381 0 
t=1096
0.482142 0.248 
0.269858 0 
t=1097
0.452528 0.299471 
0.13544 0.112561 
t=1098
0.000243707 0.587724 
0.008589 0.403443 
t=1099
5.11571e-05 0.00878155 
0.228196 0.762971 
t=1100
0.153984 0.0742633 
0.771752 0 
t=1101
0.000484964 0.925252 
0.00194606 0.0723172 
t=1102
1.05223e-06 0.00242998 
0.0216955 0.975874 
t=1103
0.0206694 0.00102706 
0.978303 0 
t=1104
0.943917 0.055056 
0.000956962 7.00966e-05 
t=1105
0.623876 0.320998 
0.0551261 0 
t=1106
0.407755 0.271247 
0.174892 0.146106 
t=1107
0.000303067 0.582344 
0.0108612 0.406492 
t=1108
6.45024e-06 0.0111578 
0.0285026 0.960333 
t=1109
0.0203439 0.00816519 
0.971491 0 
t=1110
0.652553 0.339282 
0.00816519 0 
t=1111
0.366852 0.293867 
0.169135 0.170147 
t=1112
0.510164 0.0258224 
0.464013 0 
t=1113
0.000507927 0.97367 
0.000673558 0.0251489 
t=1114
6.25387e-07 0.00118086 
0.0264395 0.972379 
t=1115
0.0245891 0.00185097 
0.889474 0.0840855 
t=1116
0.508242 0.405822 
0.0429091 0.0430274 
t=1117
0.522916 0.0282345 
0.448849 0 
t=1118
0.584513 0.387252 
0.0154117 0.0128228 
t=1119
0.000262409 0.599662 
0.00879085 0.391284 
t=1120
0.00853455 0.000518712 
0.990947 0 
t=1121
0.948686 0.050795 
0.000518712 0 
t=1122
0.60515 0.344055 
0.0296354 0.0211596 
t=1123
0.428833 0.205952 
0.365215 0 
t=1124
0.000348276 0.7937 
0.00453758 0.201414 
t=1125
0.00459326 0.000292599 
0.995114 0 
t=1126
0.00579008 0.993917 
6.7365e-05 0.000225234 
t=1127
0.00395165 0.00190579 
0.994143 0 
t=1128
0.000522832 0.997571 
4.99377e-05 0.00185585 
t=1129
2.48751e-07 0.000572521 
0.0218077 0.97762 
t=1130
0.000100781 0.0217072 
0.188286 0.789906 
t=1131
0.110167 0.0782188 
0.429053 0.382561 
t=1132
0.323243 0.215978 
0.250547 0.210233 
t=1133
0.00035014 0.573439 
0.0129551 0.413256 
t=1134
0.00898908 0.00431613 
0.986695 0 
t=1135
0.000432145 0.995252 
9.412e-05 0.00422201 
t=1136
2.44026e-06 0.000523825 
0.19291 0.806564 
t=1137
0.115643 0.0772699 
0.438845 0.368243 
t=1138
0.000338658 0.554149 
0.0135533 0.43196 
t=1139
0.00937726 0.00451468 
0.986108 0 
t=1140
0.000486658 0.994999 
0.000110592 0.00440409 
t=1141
0.000358669 0.000238581 
0.544528 0.454875 
t=1142
0.000282781 0.544603 
0.0118176 0.443296 
t=1143
7.55531e-06 0.0120929 
0.0307037 0.957196 
t=1144
0.0202779 0.0104334 
0.969289 0 
t=1145
0.594238 0.395329 
0.00568434 0.00474908 
t=1146
0.000312946 0.599609 
0.0104407 0.389637 
t=1147
5.58532e-06 0.010748 
0.0257072 0.963539 
t=1148
1.56306e-05 0.0256972 
0.0295045 0.944783 
t=1149
0.0200206 0.00949958 
0.97048 0 
t=1150
0.926819 0.0636816 
0.00874499 0.000754588 
t=1151
0.875411 0.0601525 
0.0593176 0.00511866 
t=1152
0.874438 0.0602907 
0.0600699 0.00520127 
t=1153
0.861564 0.0729443 
0.0591977 0.0062942 
t=1154
0.88248 0.0382819 
0.0792385 0 
t=1155
0.651536 0.310182 
0.0382819 0 
t=1156
0.636306 0.0535127 
0.280552 0.0296302 
t=1157
0.872864 0.0439933 
0.0831429 0 
t=1158
0.000415716 0.955591 
0.000961135 0.0430321 
t=1159
0.0013056 7.12523e-05 
0.998623 0 
t=1160
0.555172 0.444757 
3.55185e-05 3.57339e-05 
t=1161
0.528502 0.0267056 
0.444792 0 
t=1162
0.000474092 0.97282 
0.000651878 0.0260538 
t=1163
0.000658596 0.000467373 
0.528169 0.470705 
t=1164
0.318133 0.210695 
0.25723 0.213943 
t=1165
0.000247503 0.575115 
0.00917951 0.415458 
t=1166
0.00903641 0.000390608 
0.990573 0 
t=1167
0.674805 0.324805 
0.000390608 0 
t=1168
0.0003267 0.674869 
0.00787693 0.316928 
t=1169
0.00456081 0.00364282 
0.495141 0.496656 
t=1170
0.474245 0.0254563 
0.500299 0 
t=1171
0.610806 0.363738 
0.0145643 0.010892 
t=1172
0.442506 0.182865 
0.37463 0 
t=1173
0.553541 0.263594 
0.182865 0 
t=1174
0.678551 0.0578555 
0.238099 0.0254948 
t=1175
0.00460827 0.912041 
0.0171684 0.0661819 
t=1176
0.0203749 0.00140174 
0.900428 0.0777951 
t=1177
0.856943 0.0638603 
0.0724194 0.00677743 
t=1178
0.557319 0.372043 
0.0384247 0.032213 
t=1179
0.000352526 0.595392 
0.0119263 0.39233 
t=1180
0.00855493 0.00372391 
0.987721 0 
t=1181
0.710898 0.285379 
0.00372391 0 
t=1182
0.470257 0.244365 
0.285379 0 
t=1183
0.421379 0.334257 
0.122416 0.121949 
t=1184
0.512553 0.0312413 
0.456205 0 
t=1185
0.922161 0.0465973 
0.0312413 0 
t=1186
0.000464286 0.952938 
0.00113715 0.0454601 
t=1187
0.000934972 0.000666465 
0.52681 0.471589 
t=1188
0.307336 0.220408 
0.248473 0.223782 
t=1189
0.309044 0.246766 
0.221789 0.222401 
t=1190
0.503639 0.0271936 
0.469167 0 
t=1191
0.585138 0.387668 
0.0148435 0.0123501 
t=1192
0.000262476 0.59972 
0.00879096 0.391227 
t=1193
0.00853336 0.000520074 
0.990947 0 
t=1194
0.951308 0.0481719 
0.000520074 0 
t=1195
0.000504549 0.951324 
0.00127693 0.0468949 
t=1196
0.00166694 0.000114536 
0.918926 0.0792926 
t=1197
0.861393 0.0592001 
0.0730981 0.00630898 
t=1198
0.873535 0.0609563 
0.0602309 0.00527824 
t=1199
0.000473852 0.933292 
0.00168268 0.0645519 
