landmark=o3(i3:t5)
-3.42815 -2.19937 -0.494747 -0.459332 0.623404 -0.173724 
ao=a0(i0:t0) - o0(i0:t5) 0 0 0 0 0 0 
ao=a0(i0:t0) - o1(i1:t1) 0.1511 0.0563 -0.2393 -0.386 -0.2909 0.3902 
ao=a0(i0:t0) - o2(i2:t5) 0.0026 0.001 -0.0069 -0.0113 -0.01 0.059 
ao=a0(i0:t0) - o3(i3:t5) 0.4633 0.2358 0.2726 0.2387 -0.1141 -0.0098 
ao=a0(i0:t0) - o4(i4:t1) 0.0072 0.0129 0.0687 0.059 -0.1034 0.0074 
ao=a0(i0:t0) - o5(i5:t1) 0 0 0 0 0 0.059 
ao=a0(i0:t0) - o6(i6:t1) 0 0 0 0 0 0 
ao=a1(i1:t0) - o0(i0:t5) 0 0 0 0 0 0.2832 
ao=a1(i1:t0) - o1(i1:t1) 0.1438 0.0529 -0.2545 -0.4119 -0.3258 0.0347 
ao=a1(i1:t0) - o2(i2:t5) 0.0137 0.0053 -0.0358 -0.0587 -0.0521 0.0529 
ao=a1(i1:t0) - o3(i3:t5) 0.0467 0.0204 -0.0098 -0.013 0.0276 0.0655 
ao=a1(i1:t0) - o4(i4:t1) 0.3832 0.1749 0.0805 0.1114 0.3069 0.0028 
ao=a1(i1:t0) - o5(i5:t1) 0 0 0 0 0 0.0415 
ao=a1(i1:t0) - o6(i6:t1) 0.0347 0.0565 0.3149 0.2717 -0.4754 0.2717 
ao=a2(i2:t0) - o0(i0:t5) 0 0 0 0 0 -0.2297 
ao=a2(i2:t0) - o1(i1:t1) 0.0074 0.0029 -0.0194 -0.0318 -0.0282 -0.4754 
ao=a2(i2:t0) - o2(i2:t5) 0 0 0 0 0 0.0204 
ao=a2(i2:t0) - o3(i3:t5) 0.5535 0.2288 -0.2327 -0.3699 0.0028 0.1114 
ao=a2(i2:t0) - o4(i4:t1) 0.06 0.0655 0.3072 0.2682 -0.434 0.0029 
ao=a2(i2:t0) - o5(i5:t1) 0 0 0 0 0 -0.0194 
ao=a2(i2:t0) - o6(i6:t1) 0.0041 0.0074 0.0393 0.0337 -0.0591 0.0687 
ao=a3(i3:t0) - o0(i0:t5) 0 0 0 0 0 -0.0194 
ao=a3(i3:t0) - o1(i1:t1) 0.3902 0.1669 -0.0566 -0.0659 0.2755 -0.0591 
ao=a3(i3:t0) - o2(i2:t5) 0.0892 0.0307 -0.2297 -0.3751 -0.3338 -0.01 
ao=a3(i3:t0) - o3(i3:t5) 0.0553 0.0306 0.0509 0.0495 -0.0199 0.08 
ao=a3(i3:t0) - o4(i4:t1) 0.0832 0.072 0.2832 0.2504 -0.3685 0 
ao=a3(i3:t0) - o5(i5:t1) 0 0 0 0 0 0.1511 
ao=a3(i3:t0) - o6(i6:t1) 0.0051 0.0091 0.0483 0.0415 -0.0727 0.1511 

ao=a0(i0:t0) - o0(i0:t5)
0 0 0 0 0 0 
0.1511 0.0563 -0.2393 -0.386 -0.2909 0.3902 
0.0026 0.001 -0.0069 -0.0113 -0.01 0.059 
0.4633 0.2358 0.2726 0.2387 -0.1141 -0.0098 
0.0072 0.0129 0.0687 0.059 -0.1034 0.0074 
0 0 0 0 0 0.059 

ao=a0(i0:t0) - o1(i1:t1)
0 0 0 0 0 0 
0 0 0 0 0 0.2832 
0.1438 0.0529 -0.2545 -0.4119 -0.3258 0.0347 
0.0137 0.0053 -0.0358 -0.0587 -0.0521 0.0529 
0.0467 0.0204 -0.0098 -0.013 0.0276 0.0655 
0.3832 0.1749 0.0805 0.1114 0.3069 0.0028 

ao=a0(i0:t0) - o2(i2:t5)
0 0 0 0 0 0.0415 
0.0347 0.0565 0.3149 0.2717 -0.4754 0.2717 
0 0 0 0 0 -0.2297 
0.0074 0.0029 -0.0194 -0.0318 -0.0282 -0.4754 
0 0 0 0 0 0.0204 
0.5535 0.2288 -0.2327 -0.3699 0.0028 0.1114 

ao=a0(i0:t0) - o3(i3:t5)
0.06 0.0655 0.3072 0.2682 -0.434 0.0029 
0 0 0 0 0 -0.0194 
0.0041 0.0074 0.0393 0.0337 -0.0591 0.0687 
0 0 0 0 0 -0.0194 
0.3902 0.1669 -0.0566 -0.0659 0.2755 -0.0591 
0.0892 0.0307 -0.2297 -0.3751 -0.3338 -0.01 

ao=a0(i0:t0) - o4(i4:t1)
0.0553 0.0306 0.0509 0.0495 -0.0199 0.08 
0.0832 0.072 0.2832 0.2504 -0.3685 0 
0 0 0 0 0 0.1511 
0.0051 0.0091 0.0483 0.0415 -0.0727 0.1511 
0 0 0 0 0 0 
0.1511 0.0563 -0.2393 -0.386 -0.2909 0.3902 

ao=a0(i0:t0) - o5(i5:t1)
0.0026 0.001 -0.0069 -0.0113 -0.01 0.059 
0.4633 0.2358 0.2726 0.2387 -0.1141 -0.0098 
0.0072 0.0129 0.0687 0.059 -0.1034 0.0074 
0 0 0 0 0 0.059 
0 0 0 0 0 0 
0 0 0 0 0 0.2832 

ao=a0(i0:t0) - o6(i6:t1)
0.1438 0.0529 -0.2545 -0.4119 -0.3258 0.0347 
0.0137 0.0053 -0.0358 -0.0587 -0.0521 0.0529 
0.0467 0.0204 -0.0098 -0.013 0.0276 0.0655 
0.3832 0.1749 0.0805 0.1114 0.3069 0.0028 
0 0 0 0 0 0.0415 
0.0347 0.0565 0.3149 0.2717 -0.4754 0.2717 

ao=a1(i1:t0) - o0(i0:t5)
0 0 0 0 0 -0.2297 
0.0074 0.0029 -0.0194 -0.0318 -0.0282 -0.4754 
0 0 0 0 0 0.0204 
0.5535 0.2288 -0.2327 -0.3699 0.0028 0.1114 
0.06 0.0655 0.3072 0.2682 -0.434 0.0029 
0 0 0 0 0 -0.0194 

ao=a1(i1:t0) - o1(i1:t1)
0.0041 0.0074 0.0393 0.0337 -0.0591 0.0687 
0 0 0 0 0 -0.0194 
0.3902 0.1669 -0.0566 -0.0659 0.2755 -0.0591 
0.0892 0.0307 -0.2297 -0.3751 -0.3338 -0.01 
0.0553 0.0306 0.0509 0.0495 -0.0199 0.08 
0.0832 0.072 0.2832 0.2504 -0.3685 0 

ao=a1(i1:t0) - o2(i2:t5)
0 0 0 0 0 0.1511 
0.0051 0.0091 0.0483 0.0415 -0.0727 0.1511 
0 0 0 0 0 0 
0.1511 0.0563 -0.2393 -0.386 -0.2909 0.3902 
0.0026 0.001 -0.0069 -0.0113 -0.01 0.059 
0.4633 0.2358 0.2726 0.2387 -0.1141 -0.0098 

ao=a1(i1:t0) - o3(i3:t5)
0.0072 0.0129 0.0687 0.059 -0.1034 0.0074 
0 0 0 0 0 0.059 
0 0 0 0 0 0 
0 0 0 0 0 0.2832 
0.1438 0.0529 -0.2545 -0.4119 -0.3258 0.0347 
0.0137 0.0053 -0.0358 -0.0587 -0.0521 0.0529 

ao=a1(i1:t0) - o4(i4:t1)
0.0467 0.0204 -0.0098 -0.013 0.0276 0.0655 
0.3832 0.1749 0.0805 0.1114 0.3069 0.0028 
0 0 0 0 0 0.0415 
0.0347 0.0565 0.3149 0.2717 -0.4754 0.2717 
0 0 0 0 0 -0.2297 
0.0074 0.0029 -0.0194 -0.0318 -0.0282 -0.4754 

ao=a1(i1:t0) - o5(i5:t1)
0 0 0 0 0 0.0204 
0.5535 0.2288 -0.2327 -0.3699 0.0028 0.1114 
0.06 0.0655 0.3072 0.2682 -0.434 0.0029 
0 0 0 0 0 -0.0194 
0.0041 0.0074 0.0393 0.0337 -0.0591 0.0687 
0 0 0 0 0 -0.0194 

ao=a1(i1:t0) - o6(i6:t1)
0.3902 0.1669 -0.0566 -0.0659 0.2755 -0.0591 
0.0892 0.0307 -0.2297 -0.3751 -0.3338 -0.01 
0.0553 0.0306 0.0509 0.0495 -0.0199 0.08 
0.0832 0.072 0.2832 0.2504 -0.3685 0 
0 0 0 0 0 0.1511 
0.0051 0.0091 0.0483 0.0415 -0.0727 0.1511 

ao=a2(i2:t0) - o0(i0:t5)
0 0 0 0 0 0 
0.1511 0.0563 -0.2393 -0.386 -0.2909 0.3902 
0.0026 0.001 -0.0069 -0.0113 -0.01 0.059 
0.4633 0.2358 0.2726 0.2387 -0.1141 -0.0098 
0.0072 0.0129 0.0687 0.059 -0.1034 0.0074 
0 0 0 0 0 0.059 

ao=a2(i2:t0) - o1(i1:t1)
0 0 0 0 0 0 
0 0 0 0 0 0.2832 
0.1438 0.0529 -0.2545 -0.4119 -0.3258 0.0347 
0.0137 0.0053 -0.0358 -0.0587 -0.0521 0.0529 
0.0467 0.0204 -0.0098 -0.013 0.0276 0.0655 
0.3832 0.1749 0.0805 0.1114 0.3069 0.0028 

ao=a2(i2:t0) - o2(i2:t5)
0 0 0 0 0 0.0415 
0.0347 0.0565 0.3149 0.2717 -0.4754 0.2717 
0 0 0 0 0 -0.2297 
0.0074 0.0029 -0.0194 -0.0318 -0.0282 -0.4754 
0 0 0 0 0 0.0204 
0.5535 0.2288 -0.2327 -0.3699 0.0028 0.1114 

ao=a2(i2:t0) - o3(i3:t5)
0.06 0.0655 0.3072 0.2682 -0.434 0.0029 
0 0 0 0 0 -0.0194 
0.0041 0.0074 0.0393 0.0337 -0.0591 0.0687 
0 0 0 0 0 -0.0194 
0.3902 0.1669 -0.0566 -0.0659 0.2755 -0.0591 
0.0892 0.0307 -0.2297 -0.3751 -0.3338 -0.01 

ao=a2(i2:t0) - o4(i4:t1)
0.0553 0.0306 0.0509 0.0495 -0.0199 0.08 
0.0832 0.072 0.2832 0.2504 -0.3685 0 
0 0 0 0 0 0.1511 
0.0051 0.0091 0.0483 0.0415 -0.0727 0.1511 
0 0 0 0 0 0 
0.1511 0.0563 -0.2393 -0.386 -0.2909 0.3902 

ao=a2(i2:t0) - o5(i5:t1)
0.0026 0.001 -0.0069 -0.0113 -0.01 0.059 
0.4633 0.2358 0.2726 0.2387 -0.1141 -0.0098 
0.0072 0.0129 0.0687 0.059 -0.1034 0.0074 
0 0 0 0 0 0.059 
0 0 0 0 0 0 
0 0 0 0 0 0.2832 

ao=a2(i2:t0) - o6(i6:t1)
0.1438 0.0529 -0.2545 -0.4119 -0.3258 0.0347 
0.0137 0.0053 -0.0358 -0.0587 -0.0521 0.0529 
0.0467 0.0204 -0.0098 -0.013 0.0276 0.0655 
0.3832 0.1749 0.0805 0.1114 0.3069 0.0028 
0 0 0 0 0 0.0415 
0.0347 0.0565 0.3149 0.2717 -0.4754 0.2717 

ao=a3(i3:t0) - o0(i0:t5)
0 0 0 0 0 -0.2297 
0.0074 0.0029 -0.0194 -0.0318 -0.0282 -0.4754 
0 0 0 0 0 0.0204 
0.5535 0.2288 -0.2327 -0.3699 0.0028 0.1114 
0.06 0.0655 0.3072 0.2682 -0.434 0.0029 
0 0 0 0 0 -0.0194 

ao=a3(i3:t0) - o1(i1:t1)
0.0041 0.0074 0.0393 0.0337 -0.0591 0.0687 
0 0 0 0 0 -0.0194 
0.3902 0.1669 -0.0566 -0.0659 0.2755 -0.0591 
0.0892 0.0307 -0.2297 -0.3751 -0.3338 -0.01 
0.0553 0.0306 0.0509 0.0495 -0.0199 0.08 
0.0832 0.072 0.2832 0.2504 -0.3685 0 

ao=a3(i3:t0) - o2(i2:t5)
0 0 0 0 0 0.1511 
0.0051 0.0091 0.0483 0.0415 -0.0727 0.1511 
0 0 0 0 0 0 
0.1511 0.0563 -0.2393 -0.386 -0.2909 0.3902 
0.0026 0.001 -0.0069 -0.0113 -0.01 0.059 
0.4633 0.2358 0.2726 0.2387 -0.1141 -0.0098 

ao=a3(i3:t0) - o3(i3:t5)
0.0072 0.0129 0.0687 0.059 -0.1034 0.0074 
0 0 0 0 0 0.059 
0 0 0 0 0 0 
0 0 0 0 0 0.2832 
0.1438 0.0529 -0.2545 -0.4119 -0.3258 0.0347 
0.0137 0.0053 -0.0358 -0.0587 -0.0521 0.0529 

ao=a3(i3:t0) - o4(i4:t1)
0.0467 0.0204 -0.0098 -0.013 0.0276 0.0655 
0.3832 0.1749 0.0805 0.1114 0.3069 0.0028 
0 0 0 0 0 0.0415 
0.0347 0.0565 0.3149 0.2717 -0.4754 0.2717 
0 0 0 0 0 -0.2297 
0.0074 0.0029 -0.0194 -0.0318 -0.0282 -0.4754 

ao=a3(i3:t0) - o5(i5:t1)
0 0 0 0 0 0.0204 
0.5535 0.2288 -0.2327 -0.3699 0.0028 0.1114 
0.06 0.0655 0.3072 0.2682 -0.434 0.0029 
0 0 0 0 0 -0.0194 
0.0041 0.0074 0.0393 0.0337 -0.0591 0.0687 
0 0 0 0 0 -0.0194 

ao=a3(i3:t0) - o6(i6:t1)
0.3902 0.1669 -0.0566 -0.0659 0.2755 -0.0591 
0.0892 0.0307 -0.2297 -0.3751 -0.3338 -0.01 
0.0553 0.0306 0.0509 0.0495 -0.0199 0.08 
0.0832 0.072 0.2832 0.2504 -0.3685 0 
0 0 0 0 0 0.1511 
0.0051 0.0091 0.0483 0.0415 -0.0727 0.1511 

